0.001777656936645508
0.0020290427660701253
0.0022804285954947426
0.00253181442491936
0.0027832002543439773
0.0030345860837685946
0.003285971913193212
0.0035373577426178293
0.0037887435720424466
0.004040129401467064
0.004291515230891682
0.004542901060316299
0.004794286889740916
0.005045672719165534
0.005297058548590151
0.005548444378014768
0.005799830207439386
0.006051216036864003
0.00630260186628862
0.006553987695713238
0.006805373525137855
0.007056759354562472
0.00730814518398709
0.007559531013411707
0.007810916842836324
0.008062302672260942
0.008313688501685559
0.008565074331110176
0.008816460160534794
0.009067845989959411
0.009319231819384028
0.009570617648808646
0.009822003478233263
0.01007338930765788
0.010324775137082498
0.010576160966507115
0.010827546795931732
0.01107893262535635
0.011330318454780967
0.011581704284205584
0.011833090113630202
0.012084475943054819
0.012335861772479436
0.012587247601904054
0.012838633431328671
0.013090019260753288
0.013341405090177906
0.013592790919602523
0.01384417674902714
0.014095562578451758
0.014346948407876375
0.014598334237300992
0.01484972006672561
0.015101105896150227
0.015352491725574844
0.015603877554999462
0.015855263384424077
0.016106649213848696
0.016358035043273312
0.01660942087269793
0.016860806702122547
0.017112192531547166
0.01736357836097178
0.017614964190396397
0.017866350019821016
0.018117735849245635
0.01836912167867025
0.018620507508094866
0.018871893337519485
0.019123279166944104
0.01937466499636872
0.019626050825793336
0.019877436655217955
0.020128822484642574
0.02038020831406719
0.020631594143491805
0.020882979972916424
0.021134365802341043
0.02138575163176566
0.021637137461190274
0.021888523290614893
0.022139909120039512
0.022391294949464128
0.022642680778888744
0.022894066608313363
0.02314545243773798
0.023396838267162597
0.023648224096587213
0.023899609926011832
0.02415099575543645
0.024402381584861067
0.024653767414285682
0.0249051532437103
0.02515653907313492
0.025407924902559536
0.02565931073198415
0.02591069656140877
0.02616208239083339
0.026413468220258005
0.02666485404968262
