88160324411428.58
88142695872254.12
88125074381675.9
88107459935467.3
88089852529405.06
88072252159269.31
88054658820843.56
88037072509914.7
88019493222272.95
88001920953711.9
87984355700028.53
87966797457023.12
87949246220499.39
87931701986264.3
87914164750128.22
87896634507904.88
87879111255411.27
87861594988467.8
87844085702898.16
87826583394529.38
87809088059191.81
87791599692719.16
87774118290948.4
87756643849719.88
87739176364877.17
87721715832267.25
87704262247740.33
87686815607149.97
87669375906353.0
87651943141209.56
87634517307583.08
87617098401340.27
87599686418351.14
87582281354488.95
87564883205630.3
87547491967655.0
87530107636446.17
87512730207890.19
87495359677876.72
87477996042298.66
87460639297052.17
87443289438036.69
87425946461154.88
87408610362312.69
87391281137419.3
87373958782387.1
87356643293131.77
87339334665572.2
87322032895630.53
87304737979232.11
87287449912305.53
87270168690782.6
87252894310598.36
87235626767691.06
87218366058002.16
87201112177476.34
87183865122061.5
87166624887708.7
87149391470372.27
87132164866009.67
87114945070581.61
87097732080051.95
87080525890387.78
87063326497559.33
87046133897540.06
87028948086306.6
87011769059838.72
86994596814119.38
86977431345134.75
86960272648874.12
86943120721329.97
86925975558497.9
86908837156376.75
86891705510968.44
86874580618278.06
86857462474313.88
86840351075087.25
86823246416612.75
86806148494908.02
86789057305993.88
86771972845894.28
86754895110636.28
86737824096250.08
86720759798769.02
86703702214229.53
86686651338671.17
86669607168136.62
86652569698671.69
86635538926325.27
86618514847149.33
86601497457199.0
86584486752532.48
86567482729211.1
86550485383299.22
86533494710864.33
86516510707977.02
86499533370710.94
86482562695142.81
86465598677352.47
86448641313422.81
86431690599439.78
86414746531492.44
86397809105672.86
86380878318076.22
86363954164800.73
86347036641947.69
86330125745621.4
86313221471929.3
86296323816981.78
86279432776892.33
86262548347777.48
86245670525756.78
86228799306952.84
86211934687491.28
86195076663500.77
86178225231112.98
86161380386462.66
86144542125687.5
86127710444928.28
86110885340328.77
86094066808035.72
86077254844198.97
86060449444971.28
86043650606508.47
86026858324969.34
86010072596515.69
85993293417312.31
85976520783527.0
85959754691330.52
85942995136896.66
85926242116402.12
85909495626026.69
85892755661953.02
85876022220366.83
85859295297456.73
85842574889414.39
85825860992434.38
85809153602714.22
85792452716454.44
85775758329858.52
85759070439132.86
85742389040486.86
85725714130132.81
85709045704286.0
85692383759164.64
85675728290989.88
85659079295985.8
85642436770379.42
85625800710400.72
85609171112282.56
85592547972260.77
85575931286574.05
85559321051464.08
85542717263175.42
85526119917955.55
85509529012054.88
85492944541726.7
85476366503227.25
85459794892815.61
85443229706753.81
85426670941306.77
85410118592742.28
85393572657331.06
85377033131346.69
85360500011065.62
85343973292767.27
85327452972733.81
85310939047250.42
85294431512605.05
85277930365088.6
85261435600994.77
85244947216620.17
85228465208264.3
85211989572229.44
85195520304820.81
85179057402346.45
85162600861117.25
85146150677446.95
85129706847652.17
85113269368052.31
85096838234969.67
85080413444729.38
85063994993659.38
85047582878090.47
85031177094356.27
85014777638793.23
84998384507740.62
84981997697540.56
84965617204537.95
84949243025080.53
84932875155518.86
84916513592206.3
84900158331499.02
84883809369756.0
84867466703339.03
84851130328612.69
84834800241944.36
84818476439704.23
84802158918265.28
84785847674003.25
84769542703296.72
84753244002527.0
84736951568078.22
84720665396337.28
84704385483693.88
84688111826540.42
84671844421272.17
84655583264287.1
84639328351985.97
84623079680772.3
84606837247052.38
84590601047235.25
84574371077732.72
84558147334959.31
84541929815332.36
84525718515271.89
84509513431200.72
84493314559544.36
84477121896731.11
84460935439191.97
84444755183360.72
84428581125673.8
84412413262570.45
84396251590492.61
84380096105884.94
84363946805194.81
84347803684872.36
84331666741370.38
84315535971144.39
84299411370652.69
84283292936356.2
84267180664718.58
84251074552206.22
84234974595288.16
84218880790436.17
84202793134124.72
84186711622830.97
84170636253034.73
84154567021218.58
84138503923867.7
84122446957470.02
84106396118516.11
84090351403499.22
84074312808915.3
84058280331262.95
84042253967043.45
84026233712760.75
84010219564921.47
83994211520034.86
83978209574612.86
83962213725170.08
83946223968223.75
83930240300293.78
83914262717902.7
83898291217575.73
83882325795840.7
83866366449228.11
83850413174271.05
83834465967505.31
83818524825469.28
83802589744703.97
83786660721753.08
83770737753162.84
83754820835482.22
83738909965262.72
83723005139058.48
83707106353426.3
83691213604925.56
83675326890118.25
83659446205568.97
83643571547844.95
83627702913516.02
83611840299154.58
83595983701335.66
83580133116636.88
83564288541638.47
83548449972923.22
83532617407076.55
83516790840686.42
83500970270343.42
83485155692640.7
83469347104174.0
83453544501541.64
83437747881344.48
83421957240186.02
83406172574672.27
83390393881411.83
83374621157015.88
83358854398098.12
83343093601274.89
83327338763165.02
83311589880389.89
83295846949573.48
83280109967342.33
83264378930325.45
83248653835154.47
83232934678463.55
83217221456889.36
83201514167071.14
83185812805650.67
83170117369272.25
83154427854582.7
83138744258231.4
83123066576870.25
83107394807153.64
83091728945738.53
83076068989284.38
83060414934453.16
83044766777909.36
83029124516320.0
83013488146354.6
82997857664685.17
82982233067986.23
82966614352934.86
82951001516210.56
82935394554495.38
82919793464473.84
82904198242832.97
82888608886262.3
82873025391453.83
82857447755102.05
82841875973903.95
82826310044558.98
82810749963769.1
82795195728238.72
82779647334674.72
82764104779786.5
82748568060285.89
82733037172887.19
82717512114307.17
82701992881265.1
82686479470482.62
82670971878683.97
82655470102595.7
82639974138946.92
82624483984469.16
82608999635896.34
82593521089964.94
82578048343413.81
82562581392984.25
82547120235420.02
82531664867467.31
82516215285874.75
82500771487393.39
82485333468776.75
82469901226780.72
82454474758163.66
82439054059686.34
82423639128111.98
82408229960206.19
82392826552737.0
82377428902474.84
82362037006192.62
82346650860665.6
82331270462671.44
82315895808990.27
82300526896404.58
82285163721699.25
82269806281661.61
82254454573081.34
82239108592750.55
82223768337463.7
82208433804017.7
82193104989211.81
82177781889847.67
82162464502729.34
82147152824663.23
82131846852458.16
82116546582925.28
82101252012878.17
82085963139132.77
82070679958507.34
82055402467822.58
82040130663901.53
82024864543569.58
82009604103654.5
81994349340986.4
81979100252397.8
81963856834723.48
81948619084800.69
81933386999468.94
81918160575570.14
81902939809948.52
81887724699450.66
81872515240925.5
81857311431224.31
81842113267200.69
81826920745710.58
81811733863612.27
81796552617766.36
81781377005035.8
81766207022285.83
81751042666384.08
81735883934200.42
81720730822607.14
81705583328478.77
81690441448692.16
81675305180126.53
81660174519663.38
81645049464186.5
81629930010582.02
81614816155738.36
81599707896546.27
81584605229898.75
81569508152691.14
81554416661821.08
81539330754188.48
81524250426695.56
81509175676246.84
81494106499749.11
81479042894111.44
81463984856245.22
81448932383064.1
81433885471484.0
81418844118423.14
81403808320802.02
81388778075543.38
81373753379572.25
81358734229815.97
81343720623204.08
81328712556668.44
81313710027143.12
81298713031564.53
81283721566871.27
81268735630004.22
81253755217906.53
81238780327523.58
81223810955803.0
81208847099694.72
81193888756150.84
81178935922125.77
81163988594576.12
81149046770460.77
81134110446740.83
81119179620379.62
81104254288342.77
81089334447598.03
81074420095115.48
81059511227867.39
81044607842828.27
81029709936974.8
81014817507285.95
80999930550742.9
80985049064329.03
80970173045029.92
80955302489833.4
80940437395729.52
80925577759710.47
80910723578770.72
80895874849906.94
80881031570117.97
80866193736404.86
80851361345770.89
80836534395221.52
80821712881764.38
80806896802409.33
80792086154168.42
80777280934055.88
80762481139088.11
80747686766283.73
80732897812663.53
80718114275250.48
80703336151069.73
80688563437148.62
80673796130516.64
80659034228205.47
80644277727248.98
80629526624683.17
80614780917546.25
80600040602878.58
80585305677722.66
80570576139123.17
80555851984127.0
80541133209783.1
80526419813142.66
80511711791258.98
80497009141187.53
80482311859985.92
80467619944713.94
80452933392433.45
80438252200208.56
80423576365105.44
80408905884192.44
80394240754540.02
80379580973220.81
80364926537309.56
80350277443883.14
80335633690020.58
80320995272803.02
80306362189313.7
80291734436638.05
80277112011863.58
80262494912079.92
80247883134378.83
80233276675854.19
80218675533601.98
80204079704720.33
80189489186309.42
80174903975471.61
80160324069311.31
80145749464935.08
80131180159451.53
80116616149971.45
80102057433607.66
80087504007475.1
80072955868690.81
80058413014373.94
80043875441645.7
80029343147629.44
80014816129450.52
80000294384236.47
79985777909116.84
79971266701223.31
79956760757689.62
79942260075651.6
79927764652247.12
79913274484616.19
79898789569900.84
79884309905245.19
79869835487795.42
79855366314699.8
79840902383108.66
79826443690174.38
79811990233051.4
79797542008896.25
79783099014867.5
79768661248125.75
79754228705833.7
79739801385156.1
79725379283259.7
79710962397313.36
79696550724487.97
79682144261956.42
79667743006893.72
79653346956476.86
79638956107884.89
79624570458298.94
79610190004902.1
79595814744879.55
79581444675418.47
79567079793708.11
79552720096939.7
79538365582306.55
79524016247003.95
79509672088229.23
79495333103181.77
79480999289062.9
79466670643076.06
79452347162426.62
79438028844322.03
79423715685971.7
79409407684587.08
79395104837381.64
79380807141570.84
79366514594372.14
79352227193005.03
79337944934690.95
79323667816653.39
79309395836117.83
79295128990311.73
79280867276464.55
79266610691807.75
79252359233574.78
79238112899001.06
79223871685324.03
79209635589783.1
79195404609619.64
79181178742077.05
79166957984400.67
79152742333837.84
79138531787637.86
79124326343052.05
79110125997333.61
79095930747737.83
79081740591521.88
79067555525944.92
79053375548268.1
79039200655754.52
79025030845669.22
79010866115279.25
78996706461853.56
78982551882663.12
78968402374980.81
78954257936081.48
78940118563241.92
78925984253740.89
78911855004859.1
78897730813879.17
78883611678085.7
78869497594765.23
78855388561206.25
78841284574699.14
78827185632536.28
78813091732011.97
78799002870422.4
78784919045065.75
78770840253242.12
78756766492253.52
78742697759403.88
78728634051999.1
78714575367346.95
78700521702757.17
78686473055541.39
78672429423013.19
78658390802488.03
78644357191283.3
78630328586718.33
78616304986114.31
78602286386794.39
78588272786083.6
78574264181308.89
78560260569799.12
78546261948885.05
78532268315899.33
78518279668176.5
78504296003053.06
78490317317867.33
78476343609959.58
78462374876671.94
78448411115348.44
78434452323335.03
78420498497979.53
78406549636631.61
78392605736642.88
78378666795366.81
78364732810158.73
78350803778375.92
78336879697377.45
78322960564524.33
78309046377179.4
78295137132707.44
78281232828475.03
78267333461850.66
78253439030204.67
78239549530909.28
78225664961338.58
78211785318868.52
78197910600876.88
78184040804743.33
78170175927849.42
78156315967578.53
78142460921315.89
78128610786448.58
78114765560365.56
78100925240457.64
78087089824117.44
78073259308739.45
78059433691720.02
78045612970457.31
78031797142351.38
78017986204804.06
78004180155219.06
77990378991001.94
77976582709560.05
77962791308302.61
77949004784640.66
77935223135987.08
77921446359756.56
77907674453365.66
77893907414232.72
77880145239777.9
77866387927423.23
77852635474592.53
77838887878711.44
77825145137207.44
77811407247509.78
77797674207049.58
77783946013259.73
77770222663574.97
77756504155431.81
77742790486268.6
77729081653525.47
77715377654644.38
77701678487069.08
77687984148245.14
77674294635619.89
77660609946642.52
77646930078763.94
77633255029436.94
77619584796116.03
77605919376257.56
77592258767319.64
77578602966762.22
77564951972046.97
77551305780637.39
77537664389998.75
77524027797598.12
77510396000904.33
77496768997388.0
77483146784521.52
77469529359779.08
77455916720636.61
77442308864571.84
77428705789064.28
77415107491595.17
77401513969647.56
77387925220706.27
77374341242257.84
77360762031790.61
77347187586794.69
77333617904761.92
77320052983185.92
77306492819562.06
77292937411387.5
77279386756161.1
77265840851383.5
77252299694557.12
77238763283186.08
77225231614776.27
77211704686835.33
77198182496872.67
77184665042399.39
77171152320928.38
77157644329974.25
77144141067053.36
77130642529683.8
77117148715385.39
77103659621679.72
77090175246090.05
77076695586141.44
77063220639360.66
77049750403276.16
77036284875418.19
77022824053318.7
77009367934511.34
76995916516531.52
76982469796916.33
76969027773204.62
76955590442936.95
76942157803655.6
76928729852904.52
76915306588229.44
76901888007177.77
76888474107298.61
76875064886142.81
76861660341262.94
76848260470213.2
76834865270549.58
76821474739829.72
76808088875612.98
76794707675460.44
76781331136934.84
76767959257600.64
76754592035024.02
76741229466772.8
76727871550416.52
76714518283526.44
76701169663675.47
76687825688438.22
76674486355391.02
76661151662111.81
76647821606180.3
76634496185177.83
76621175396687.45
76607859238293.88
76594547707583.48
76581240802144.36
76567938519566.25
76554640857440.6
76541347813360.47
76528059384920.64
76514775569717.56
76501496365349.34
76488221769415.73
76474951779518.2
76461686393259.83
76448425608245.39
76435169422081.31
76421917832375.67
76408670836738.23
76395428432780.4
76382190618115.22
76368957390357.4
76355728747123.31
76342504686030.98
76329285204700.08
76316070300751.89
76302859971809.4
76289654215497.22
76276453029441.58
76263256411270.4
76250064358613.2
76236876869101.16
76223693940367.1
76210515570045.45
76197341755772.33
76184172495185.44
76171007785924.12
76157847625629.39
76144692011943.84
76131540942511.73
76118394414978.92
76105252426992.9
76092114976202.81
76078982060259.39
76065853676815.0
76052729823523.62
76039610498040.88
76026495698023.95
76013385421131.73
76000279665024.64
75987178427364.75
75974081705815.73
75960989498042.89
75947901801713.11
75934818614494.9
75921739934058.38
75908665758075.23
75895596084218.83
75882530910164.05
75869470233587.42
75856414052167.08
75843362363582.75
75830315165515.72
75817272455648.94
75804234231666.88
75791200491255.66
75778171232102.95
75765146451898.06
75752126148331.83
75739110319096.72
75726098961886.78
75713092074397.61
75700089654326.45
75687091699372.06
75674098207234.83
75661109175616.7
75648124602221.2
75635144484753.42
75622168820920.05
75609197608429.31
75596230844991.06
75583268528316.69
75570310656119.14
75557357226112.94
75544408236014.2
75531463683540.6
75518523566411.33
75505587882347.19
75492656629070.55
75479729804305.3
75466807405776.9
75453889431212.4
75440975878340.39
75428066744890.98
75415162028595.88
75402261727188.31
75389365838403.1
75376474359976.56
75363587289646.6
75350704625152.64
75337826364235.67
75324952504638.23
75312083044104.38
75299217980379.72
75286357311211.42
75273501034348.17
75260649147540.19
75247801648539.25
75234958535098.64
75222119804973.19
75209285455919.28
75196455485694.8
75183629892059.17
75170808672773.34
75157991825599.81
75145179348302.58
75132371238647.17
75119567494400.62
75106768113331.56
75093973093210.03
75081182431807.69
75068396126897.64
75055614176254.55
75042836577654.56
75030063328875.39
75017294427696.2
75004529871897.72
74991769659262.16
74979013787573.22
74966262254616.14
74953515058177.67
74940772196046.06
74928033666011.03
74915299465863.86
74902569593397.27
74889844046405.53
74877122822684.38
74864405920031.06
74851693336244.34
74838985069124.44
74826281116473.08
74813581476093.5
74800886145790.42
74788195123370.02
74775508406640.02
74762825993409.58
74750147881489.39
74737474068691.58
74724804552829.78
74712139331719.14
74699478403176.22
74686821765019.12
74674169415067.4
74661521351142.1
74648877571065.69
74636238072662.19
74623602853757.05
74610971912177.2
74598345245751.05
74585722852308.45
74573104729680.75
74560490875700.77
74547881288202.77
74535275965022.47
74522674903997.11
74510078102965.33
74497485559767.27
74484897272244.5
74472313238240.06
74459733455598.47
74447157922165.67
74434586635789.08
74422019594317.56
74409456795601.44
74396898237492.47
74384343917843.89
74371793834510.36
74359247985348.0
74346706368214.36
74334168980968.45
74321635821470.73
74309106887583.1
74296582177168.88
74284061688092.84
74271545418221.22
74259033365421.66
74246525527563.23
74234021902516.48
74221522488153.38
74209027282347.3
74196536282973.05
74184049487906.92
74171566895026.58
74159088502211.12
74146614307341.11
74134144308298.5
74121678502966.69
74109216889230.48
74096759464976.11
74084306228091.25
74071857176464.95
74059412307987.72
74046971620551.47
74034535112049.53
74022102780376.64
74009674623428.97
73997250639104.06
73984830825300.92
73972415179919.94
73960003700862.9
73947596386033.03
73935193233334.94
73922794240674.64
73910399405959.58
73898008727098.56
73885622202001.83
73873239828581.02
73860861604749.14
73848487528420.66
73836117597511.38
73823751809938.52
73811390163620.72
73799032656477.97
73786679286431.69
73774330051404.67
73761984949321.11
73749643978106.56
73737307135688.02
73724974419993.8
73712645828953.67
73700321360498.73
73688001012561.5
73675684783075.86
73663372669977.1
73651064671201.83
73638760784688.1
73626461008375.3
73614165340204.23
73601873778117.03
73589586320057.25
73577302963969.77
73565023707800.89
73552748549498.23
73540477487010.83
73528210518289.06
73515947641284.67
73503688853950.8
73491434154241.9
73479183540113.84
73466937009523.81
73454694560430.4
73442456190793.55
73430221898574.53
73417991681736.0
73405765538241.95
73393543466057.77
73381325463150.14
73369111527487.17
73356901657038.27
73344695849774.19
73332494103667.1
73320296416690.44
73308102786819.05
73295913212029.08
73283727690298.08
73271546219604.88
73259368797929.69
73247195423254.06
73235026093560.88
73222860806834.38
73210699561060.11
73198542354225.0
73186389184317.27
73174240049326.52
73162094947243.64
73149953876060.89
73137816833771.84
73125683818371.42
73113554827855.84
73101429860222.7
73089308913470.89
73077191985600.61
73065079074613.44
73052970178512.25
73040865295301.23
73028764422985.9
73016667559573.12
73004574703071.03
72992485851489.14
72980401002838.23
72968320155130.42
72956243306379.17
72944170454599.19
72932101597806.58
72920036734018.67
72907975861254.2
72895918977533.14
72883866080876.8
72871817169307.81
72859772240850.06
72847731293528.83
72835694325370.61
72823661334403.25
72811632318655.92
72799607276159.03
72787586204944.34
72775569103044.89
72763555968495.03
72751546799330.4
72739541593587.94
72727540349305.88
72715543064523.73
72703549737282.36
72691560365623.83
72679574947591.58
72667593481230.28
72655615964585.94
72643642395705.81
72631672772638.47
72619707093433.77
72607745356142.8
72595787558818.0
72583833699513.08
72571883776283.0
72559937787184.02
72547995730273.69
72536057603610.81
72524123405255.5
72512193133269.11
72500266785714.3
72488344360654.97
72476425856156.34
72464511270284.88
72452600601108.3
72440693846695.62
72428791005117.14
72416892074444.38
72404997052750.16
72393105938108.55
72381218728594.89
72369335422285.81
72357456017259.17
72345580511594.11
72333708903371.0
72321841190671.52
72309977371578.56
72298117444176.3
72286261406550.17
72274409256786.83
72262560992974.25
72250716613201.6
72238876115559.31
72227039498139.1
72215206759033.89
72203377896337.9
72191552908146.56
72179731792556.56
72167914547665.83
72156101171573.56
72144291662380.19
72132486018187.36
72120684237097.98
72108886317216.25
72097092256647.52
72085302053498.44
72073515705876.86
72061733211891.92
72049954569653.95
72038179777274.55
72026408832866.48
72014641734543.84
72002878480421.9
71991119068617.17
71979363497247.38
71967611764431.5
71955863868289.73
71944119806943.52
71932379578515.48
71920643181129.53
71908910612910.75
71897181871985.47
71885456956481.23
71873735864526.81
71862018594252.19
71850305143788.58
71838595511268.4
71826889694825.31
71815187692594.16
71803489502711.02
71791795123313.17
71780104552539.16
71768417788528.64
71756734829422.58
71745055673363.11
71733380318493.56
71721708762958.5
71710041004903.67
71698377042476.08
71686716873823.86
71675060497096.4
71663407910444.3
71651759112019.33
71640114099974.47
71628472872463.9
71616835427643.05
71605201763668.44
71593571878697.89
71581945770890.38
71570323438406.06
71558704879406.31
71547090092053.7
71535479074512.0
71523871824946.11
71512268341522.22
71500668622407.61
71489072665770.83
71477480469781.56
71465892032610.72
71454307352430.36
71442726427413.77
71431149255735.36
71419575835570.8
71408006165096.86
71396440242491.56
71384878065934.08
71373319633604.75
71361764943685.11
71350213994357.88
71338666783806.9
71327123310217.3
71315583571775.27
71304047566668.22
71292515293084.73
71280986749214.58
71269461933248.66
71257940843379.06
71246423477799.08
71234909834703.12
71223399912286.78
71211893708746.83
71200391222281.2
71188892451088.97
71177397393370.4
71165906047326.92
71154418411161.08
71142934483076.64
71131454261278.5
71119977743972.72
71108504929366.5
71097035815668.22
71085570401087.39
71074108683834.72
71062650662122.03
71051196334162.3
71039745698169.69
71028298752359.48
71016855494948.11
71005415924153.17
70993980038193.42
70982547835288.72
70971119313660.11
70959694471529.77
70948273307121.02
70936855818658.34
70925442004367.33
70914031862474.73
70902625391208.45
70891222588797.52
70879823453472.1
70868427983463.48
70857036177004.17
70845648032327.69
70834263547668.8
70822882721263.33
70811505551348.27
70800132036161.73
70788762173942.97
70777395962932.39
70766033401371.47
70754674487502.88
70743319219570.36
70731967595818.83
70720619614494.3
70709275273843.9
70697934572115.94
70686597507559.8
70675264078425.98
70663934282966.16
70652608119433.06
70641285586080.6
70629966681163.73
70618651402938.62
70607339749662.48
70596031719593.67
70584727310991.66
70573426522117.02
70562129351231.45
70550835796597.78
70539545856479.9
70528259529142.86
70516976812852.81
70505697705876.98
70494422206483.75
70483150312942.58
70471882023524.05
70460617336499.83
70449356250142.7
70438098762726.58
70426844872526.42
70415594577818.36
70404347876879.56
70393104767988.33
70381865249424.06
70370629319467.27
70359396976399.51
70348168218503.5
70336943044063.016
70325721451362.94
70314503438689.25
70303289004329.016
70292078146570.39
70280870863702.63
70269667154016.086
70258467015802.19
70247270447353.45
70236077446963.5
70224888012927.02
70213702143539.805
70202519837098.73
70191341091901.734
70180165906247.875
70168994278437.266
70157826206771.12
70146661689551.7
70135500725082.41
70124343311667.664
70113189447613.0
70102039131225.016
70090892360811.41
70079749134680.91
70068609451143.37
70057473308509.68
70046340705091.836
70035211639202.875
70024086109156.94
70012964113269.2
70001845649855.945
69990730717234.51
69979619313723.27
69968511437641.734
69957407087310.414
69946306261050.92
69935208957185.93
69924115174039.164
69913024909935.44
69901938163200.586
69890854932161.555
69879775215146.305
69868699010483.9
69857626316504.42
69846557131539.05
69835491453919.98
69824429281980.5
69813370614054.945
69802315448478.69
69791263783588.17
69780215617720.9
69769170949215.4
69758129776411.29
69747092097649.195
69736057911270.83
69725027215618.94
69714000009037.31
69702976289870.8
69691956056465.28
69680939307167.7
69669926040326.05
69658916254289.336
69647909947407.63
69636907118032.055
69625907764514.76
69614911885208.92
69603919478468.8
69592930542649.66
69581945076107.8
69570963077200.586
69559984544286.4
69549009475724.664
69538037869875.836
69527069725101.41
69516105039763.91
69505143812226.88
69494186040854.945
69483231724013.7
69472280860069.805
69461333447390.94
69450389484345.82
69439448969304.18
69428511900636.78
69417578276715.42
69406648095912.914
69395721356603.1
69384798057160.85
69373878195962.055
69362961771383.62
69352048781803.48
69341139225600.586
69330233101154.91
69319330406847.445
69308431141060.2
69297535302176.22
69286642888579.52
69275753898655.18
69264868330789.27
69253986183368.875
69243107454782.11
69232232143418.08
69221360247666.914
69210491765919.75
69199626696568.74
69188765038007.05
69177906788628.83
69167051946829.266
69156200511004.54
69145352479551.83
69134507850869.34
69123666623356.266
69112828795412.81
69101994365440.18
69091163331840.58
69080335693017.23
69069511447374.32
69058690593317.08
69047873129251.71
69037059053585.42
69026248364726.42
69015441061083.91
69004637141068.086
68993836603090.14
68983039445562.27
68972245666897.66
68961455265510.47
68950668239815.875
68939884588230.05
68929104309170.12
68918327401054.24
68907553862301.53
68896783691332.125
68886016886567.11
68875253446428.58
68864493369339.62
68853736653724.29
68842983298007.64
68832233300615.695
68821486659975.48
68810743374514.97
68800003442663.164
68789266862850.016
68778533633506.46
68767803753064.414
68757077219956.78
68746354032617.42
68735634189481.195
68724917688983.93
68714204529562.42
68703494709654.445
68692788227698.76
68682085082135.08
68671385271404.1
68660688793947.49
68649995648207.9
68639305832628.92
68628619345655.13
68617936185732.086
68607256351306.29
68596579840825.23
68585906652737.34
68575236785492.055
68564570237539.73
68553907007331.71
68543247093320.31
68532590493958.79
68521937207701.37
68511287233003.25
68500640568320.58
68489997212110.46
68479357162830.96
68468720418941.12
68458086978900.91
68447456841171.26
68436830004214.086
68426206466492.23
68415586226469.484
68404969282610.63
68394355633381.37
68383745277248.36
68373138212679.22
68362534438142.51
68351933952107.76
68341336753045.414
68330742839426.9
68320152209724.57
68309564862411.734
68298980795962.65
68288400008852.5
68277822499557.45
68267248266554.58
68256677308321.914
68246109623338.43
68235545210084.04
68224984067039.61
68214426192686.92
68203871585508.73
68193320243988.695
68182772166611.43
68172227351862.5
68161685798228.375
68151147504196.49
68140612468255.2
68130080688893.805
68119552164602.52
68109026893872.516
68098504875195.875
68087986107065.63
68077470587975.74
68066958316421.08
68056449290897.47
68045943509901.66
68035440971931.305
68024941675485.016
68014445619062.32
68003952801163.67
67993463220290.44
67982976874944.93
67972493763630.37
67962013884850.9
67951537237111.59
67941063818918.45
67930593628778.38
67920126665199.22
67909662926689.71
67899202411759.54
67888745118919.28
67878291046680.46
67867840193555.49
67857392558057.71
67846948138701.39
67836506934001.68
67826068942474.67
67815634162637.37
67805202593007.68
67794774232104.414
67784349078447.32
67773927130557.03
67763508386955.1
67753092846163.99
67742680506707.07
67732271367108.625
67721865425893.83
67711462681588.77
67701063132720.46
67690666777816.79
67680273615406.555
67669883644019.484
67659496862186.17
67649113268438.14
67638732861307.8
67628355639328.46
67617981601034.34
67607610744960.57
67597243069643.14
67586878573618.97
67576517255425.87
67566159113602.53
67555804146688.57
67545452353224.48
67535103731751.63
67524758280812.336
67514415998949.75
67504076884707.95
67493740936631.9
67483408153267.44
67473078533161.32
67462752074861.17
67452428776915.516
67442108637873.766
67431791656286.2
67421477830704.02
67411167159679.3
67400859641764.97
67390555275514.89
67380254059483.78
67369955992227.25
67359661072301.79
67349369298264.766
67339080668674.445
67328795182089.95
67318512837071.305
67308233632179.41
67297957565976.016
67287684637023.8
67277414843886.28
67267148185127.87
67256884659313.84
67246624265010.36
67236367000784.46
67226112865204.05
67215861856837.89
67205613974255.664
67195369216027.88
67185127580725.945
67174889066922.12
67164653673189.53
67154421398102.21
67144192240235.02
67133966198163.71
67123743270464.89
67113523455716.03
67103306752495.49
67093093159382.484
67082882674957.07
67072675297800.2
67062471026493.67
67052269859620.16
67042071795763.18
67031876833507.13
67021684971437.266
67011496208139.695
67001310542201.38
66991127972210.17
66980948496754.734
66970772114424.63
66960598823810.26
66950428623502.875
66940261512094.59
66930097488178.4
66919936550348.09
66909778697198.375
66899623927324.77
66889472239323.66
66879323631792.28
66869178103328.72
66859035652531.914
66848896278001.66
66838759978338.58
66828626752144.164
66818496598020.75
66808369514571.52
66798245500400.5
66788124554112.56
66778006674313.42
66767891859609.65
66757780108608.65
66747671419918.67
66737565792148.81
66727463223909.01
66717363713810.04
66707267260463.516
66697173862481.91
66687083518478.51
66676996227067.45
66666911986863.72
66656830796483.125
66646752654542.32
66636677559658.79
66626605510450.87
66616536505537.695
66606470543539.27
66596407623076.43
66586347742770.836
66576290901244.96
66566237097122.16
66556186329026.56
66546138595583.17
66536093895417.8
66526052227157.09
66516013589428.54
66505977980860.43
66495945400081.9
66485915845722.914
66475889316414.25
66465865810787.53
66455845327475.19
66445827865110.48
66435813422327.49
66425801997761.14
66415793590047.15
66405788197822.07
66395785819723.29
66385786454388.99
66375790100458.2
66365796756570.75
66355806421367.29
66345819093489.3
66335834771579.07
66325853454279.7
66315875140235.13
66305899828090.086
66295927516490.13
66285958204081.64
66275991889511.79
66266028571428.58
66256068248480.82
66246110919318.14
66236156582590.97
66226205236950.555
66216256881048.96
66206311513539.04
66196369133074.47
66186429738309.75
66176493327900.15
66166559900501.79
66156629454771.56
66146701989367.19
66136777502947.17
66126855994170.85
66116937461698.35
66107021904190.6
66097109320309.33
66087199708717.08
66077293068077.19
66067389397053.8
66057488694311.84
66047590958517.07
66037696188336.016
66027804382436.02
66017915539485.234
66008029658152.58
65998146737107.79
65988266775021.39
65978389770564.72
65968515722409.89
65958644629229.82
65948776489698.22
65938911302489.59
65929049066279.23
65919189779743.22
65909333441558.45
65899480050402.586
65889629604954.09
65879782103892.23
65869937545897.03
65860095929649.32
65850257253830.734
65840421517123.664
65830588718211.305
65820758855777.65
65810931928507.45
65801107935086.266
65791286874200.44
65781468744537.07
65771653544784.08
65761841273630.16
65752031929764.76
65742225511878.14
65732422018661.336
65722621448806.16
65712823801005.2
65703029073951.84
65693237266340.23
65683448376865.28
65673662404222.72
65663879347109.03
65654099204221.46
65644321974258.06
65634547655917.65
65624776247899.8
65615007748904.87
65605242157634.01
65595479472789.125
65585719693072.89
65575962817188.77
65566208843840.984
65556457771734.52
65546709599575.16
65536964326069.42
65527221949924.62
65517482469848.83
65507745884550.88
65498012192740.41
65488281393127.76
65478553484424.08
65468828465341.29
65459106334592.055
65449387090889.81
65439670732948.77
65429957259483.88
65420246669210.88
65410538960846.26
65400834133107.26
65391132184711.9
65381433114378.95
65371736920827.95
65362043602779.195
65352353158953.73
65342665588073.37
65332980888860.664
65323299060038.96
65313620100332.336
65303944008465.62
65294270783164.41
65284600423155.055
65274932927164.66
65265268293921.07
65255606522152.914
65245947610589.54
65236291557961.06
65226638362998.36
65216988024433.04
65207340540997.47
65197695911424.77
65188054134448.82
65178415208804.22
65168779133226.336
65159145906451.28
65149515527215.92
65139887994257.86
65130263306315.445
65120641462127.77
65111022460434.695
65101406299976.8
65091792979495.41
65082182497732.6
65072574853431.195
65062970045334.75
65053368072187.56
65043768932734.68
65034172625721.88
65024579149895.695
65014988504003.38
65005400686792.94
64995815697013.11
64986233533413.375
64976654194743.945
64967077679755.77
64957503987200.55
64947933115830.695
64938365064399.37
64928799831660.47
64919237416368.62
64909677817279.18
64900121033148.25
64890567062732.66
64881015904789.945
64871467558078.43
64861922021357.11
64852379293385.74
64842839372924.82
64833302258735.54
64823767949579.84
64814236444220.4
64804707741420.6
64795181839944.57
64785658738557.16
64776138436023.94
64766620931111.21
64757106222586.0
64747594309216.055
64738085189769.85
64728578863016.58
64719075327726.164
64709574582669.25
64700076626617.19
64690581458342.08
64681089076616.72
64671599480214.63
64662112667910.06
64652628638477.984
64643147390694.08
64633668923334.734
64624193235177.086
64614720324998.96
64605250191578.914
64595782833696.2
64586318250130.83
64576856439663.48
64567397401075.57
64557941133149.23
64548487634667.29
64539036904413.31
64529588941171.555
64520143743727.01
64510701310865.34
64501261641372.98
64491824734037.0
64482390587645.25
64472959200986.24
64463530572849.21
64454104702024.12
64444681587301.59
64435261227473.016
64425843621330.445
64416428767666.66
64407016665275.12
64397607312950.02
64388200709486.26
64378796853679.41
64369395744325.77
64359997380222.35
64350601760166.85
64341208882957.66
64331818747393.89
64322431352275.34
64313046696402.52
64303664778576.65
64294285597599.61
64284909152274.016
64275535441403.164
64266164463791.06
64256796218242.41
64247430703562.586
64238067918557.695
64228707862034.52
64219350532800.54
64209995929663.94
64200644051433.57
64191294896919.02
64181948464930.53
64172604754279.07
64163263763776.26
64153925492234.45
64144589938466.664
64135257101286.62
64125926979508.72
64116599571948.06
64107274877420.44
64097952894742.32
64088633622730.87
64079317060203.94
64070003205980.08
64060692058878.49
64051383617719.11
64042077881322.52
64032774848510.01
64023474518103.55
64014176888925.78
64004881959800.05
63995589729550.37
63986300197001.44
63977013360978.65
63967729220308.07
63958447773816.44
63949169020331.195
63939892958680.44
63930619587692.95
63921348906198.22
63912080913026.375
63902815607008.25
63893552986975.34
63884293051759.84
63875035800194.59
63865781231113.14
63856529343349.69
63847280135739.125
63838033607117.01
63828789756319.56
63819548582183.71
63810310083547.03
63801074259247.78
63791841108124.875
63782610629017.93
63773382820767.2
63764157682213.64
63754935212198.86
63745715409565.13
63736498273155.42
63727283801813.34
63718071994383.19
63708862849709.914
63699656366639.15
63690452544017.18
63681251380690.97
63672052875508.15
63662857027317.0
63653663834966.484
63644473297306.23
63635285413186.5
63626100181458.27
63616917600973.14
63607737670583.39
63598560389141.96
63589385755502.44
63580213768519.1
63571044427046.86
63561877729941.3
63552713676058.664
63543552264255.86
63534393493390.445
63525237362320.64
63516083869905.32
63506933015004.02
63497784796476.94
63488639213184.92
63479496263989.48
63470355947752.76
63461218263337.59
63452083209607.445
63442950785426.44
63433820989659.36
63424693821171.64
63415569278829.37
63406447361499.266
63397328068048.74
63388211397345.83
63379097348259.23
63369985919658.266
63360877110412.95
63351770919393.92
63342667345472.47
63333566387520.53
63324468044410.7
63315372315016.22
63306279198210.96
63297188692869.46
63288100797866.89
63279015512079.086
63269932834382.51
63260852763654.266
63251775298772.125
63242700438614.48
63233628182060.38
63224558527989.516
63215491475282.22
63206427022819.46
63197365169482.85
63188305914154.664
63179249255717.77
63170195193055.734
63161143725052.72
63152094850593.54
63143048568563.664
63134004877849.17
63124963777336.805
63115925265913.93
63106889342468.56
63097856005889.336
63088825255065.54
63079797088887.08
63070771506244.516
63061748506029.03
63052728087132.445
63043710248447.21
63034694988866.42
63025682307283.805
63016672202593.695
63007664673691.09
62998659719471.62
62989657338831.51
62980657530667.66
62971660293877.56
62962665627359.37
62953673530011.84
62944684000734.39
62935697038427.03
62926712641990.42
62917730810325.85
62908751542335.23
62899774836921.08
62890800692986.58
62881829109435.51
62872860085172.29
62863893619101.95
62854929710130.17
62845968357163.234
62837009559108.04
62828053314872.14
62819099623363.67
62810148483491.44
62801199894164.83
62792253854293.86
62783310362789.19
62774369418562.08
62765431020524.41
62756495167588.68
62747561858668.03
62738631092676.19
62729702868527.52
62720777185137.01
62711854041420.25
62702933436293.445
62694015368673.44
62685099837477.664
62676186841624.19
62667276380031.69
62658368451619.46
62649463055307.41
62640560190016.05
62631659854666.516
62622762048180.555
62613866769480.52
62604974017489.41
62596083791130.77
62587196089328.83
62578310911008.37
62569428255094.805
62560548120514.18
62551670506193.12
62542795411058.87
62533922834039.28
62525052774062.83
62516185230058.56
62507320200956.17
62498457685685.94
62489597683178.75
62480740192366.11
62471885212180.12
62463032741553.484
62454182779419.51
62445335324712.125
62436490376365.85
62427647933315.805
62418807994497.72
62409970558847.93
62401135625303.36
62392303192801.55
62383473260280.625
62374645826679.34
62365820890937.03
62356998451993.625
62348178508789.664
62339361060266.29
62330546105365.234
62321733643028.83
62312923672200.016
62304116191822.32
62295311200839.87
62286508698197.39
62277708682840.195
62268911153714.21
62260116109765.945
62251323549942.51
62242533473191.6
62233745878461.516
62224960764701.15
62216178130859.98
62207397975888.08
62198620298736.125
62189845098355.375
62181072373697.69
62172302123715.5
62163534347361.85
62154769043590.375
62146006211355.266
62137245849611.35
62128487957314.01
62119732533419.234
62110979576883.6
62102229086664.26
62093481061718.96
62084735501006.05
62075992403484.43
62067251768113.62
62058513593853.71
62049777879665.39
62041044624509.914
62032313827349.13
62023585487145.48
62014859602861.98
62006136173462.22
61997415197910.4
61988696675171.27
61979980604210.195
61971266983993.1
61962555813486.49
61953847091657.47
61945140817473.71
61936436989903.46
61927735607915.555
61919036670479.41
61910340176565.016
61901646125142.945
61892954515184.34
61884265345660.945
61875578615545.05
61866894323809.53
61858212469427.86
61849533051374.055
61840856068622.74
61832181520149.09
61823509404928.88
61814839721938.42
61806172470154.64
61797507648555.016
61788845256117.59
61780185291821.01
61771527754644.47
61762872643567.734
61754219957571.16
61745569695635.65
61736921856742.7
61728276439874.375
61719633444013.29
61710992868142.65
61702354711246.21
61693718972308.31
61685085650313.87
61676454744248.34
61667826253097.77
61659200175848.78
61650576511488.516
61641955259004.74
61633336417385.76
61624719985620.43
61616105962698.195
61607494347609.07
61598885139343.62
61590278336892.96
61581673939248.8
61573071945403.4
61564472354349.57
61555875165080.7
61547280376590.74
61538687987874.2
61530097997926.15
61521510405742.2
61512925210318.58
61504342410652.01
61495762005739.805
61487183994579.84
61478608376170.56
61470035149510.94
61461464313600.516
61452895867439.414
61444329810028.28
61435766140368.35
61427204857461.39
61418645960309.73
61410089447916.26
61401535319284.43
61392983573418.234
61384434209322.23
61375887226001.516
61367342622461.77
61358800397709.2
61350260550750.58
61341723080593.23
61333187986245.016
61324655266714.375
61316124921010.28
61307596948142.266
61299071347120.414
61290548116955.35
61282027256658.266
61273508765240.88
61264992641715.484
61256478885094.9
61247967494392.516
61239458468622.24
61230951806798.57
61222447507936.516
61213945571051.65
61205445995160.086
61196948779278.484
61188453922424.055
61179961423614.56
61171471281868.29
61162983496204.09
61154498065641.36
61146014989200.016
61137534265900.54
61129055894763.96
61120579874811.83
61112106205066.26
61103634884549.89
61095165912285.92
61086699287298.08
61078235008610.63
61069773075248.4
61061313486236.73
61052856240601.51
61044401337369.19
61035948775566.73
61027498554221.64
61019050672361.98
61010605129016.32
61002161923213.8
60993721053984.08
60985282520357.35
60976846321364.35
60968412456036.37
60959980923405.19
60951551722503.17
60943124852363.19
60934700312018.65
60926278100503.516
60917858216852.26
60909440660099.89
60901025429281.97
60892612523434.58
60884201941594.33
60875793682798.36
60867387746084.36
60858984130490.53
60850582835055.62
60842183858818.9
60833787200820.164
60825392860099.75
60817000835698.52
60808611126657.875
60800223732019.71
60791838650826.49
60783455882121.195
60775075424947.32
60766697278348.9
60758321441370.49
60749947913057.18
60741576692454.586
60733207778608.836
60724841170566.59
60716476867375.055
60708114868081.93
60699755171735.46
60691397777384.4
60683042684078.05
60674689890866.195
60666339396799.19
60657991200927.88
60649645302303.65
60641301699978.39
60632960393004.52
60624621380435.0
60616284661323.28
60607950234723.35
60599618099689.7
60591288255277.375
60582960700541.91
60574635434539.36
60566312456326.31
60557991764959.875
60549673359497.66
60541357238997.79
60533043402518.94
60524731849120.266
60516422577861.47
60508115587802.734
60499810878004.79
60491508447528.875
60483208295436.734
60474910420790.63
60466614822653.35
60458321500088.18
60450030452158.93
60441741677929.92
60433455176465.984
60425170946832.48
60416888988095.24
60408609299320.664
60400331879575.625
60392056727927.516
60383783843444.234
60375513225194.21
60367244872246.36
60358978783670.125
60350714958535.445
60342453395912.79
60334194094873.11
60325937054487.875
60317682273829.08
60309429751969.2
60301179487981.25
60292931480938.71
60284685729915.61
60276442233986.45
60268200992226.266
60259962003710.586
60251725267515.43
60243490782717.36
60235258548393.4
60227028563621.11
60218800827478.54
60210575339044.24
60202352097397.28
60194131101617.22
60185912350784.125
60177695843978.555
60169481580281.586
60161269558774.8
60153059778540.24
60144852238660.516
60136646938218.68
60128443876298.31
60120243051983.484
60112044464358.77
60103848112509.26
60095653995520.51
60087462112478.586
60079272462470.07
60071085044582.02
60062899857902.016
60054716901518.11
60046536174518.85
60038357675993.31
60030181405031.04
60022007360722.07
60013835542156.97
60005665948426.75
59997498578622.96
59989333431837.63
59981170507163.27
59973009803692.914
59964851320520.055
59956695056738.695
59948541011443.34
59940389183728.98
59932239572691.086
59924092177425.625
59915946997029.08
59907804030598.38
59899663277231.0
59891524736024.85
59883388406078.375
59875254286490.48
59867122376360.58
59858992674788.555
59850865180874.805
59842739893720.19
59834616812426.08
59826495936094.31
59818377263827.234
59810260794727.664
59802146527898.914
59794034462444.78
59785924597469.54
59777816932077.96
59769711465375.31
59761608196467.31
59753507124460.2
59745408248460.68
59737311567575.945
59729217080913.67
59721124787582.02
59713034686689.64
59704946777345.65
59696861058659.66
59688777529741.766
59680696189702.53
59672617037653.02
59664540072704.78
59656465293969.805
59648392700560.61
59640322291590.164
59632254066171.93
59624188023419.84
59616124162448.33
59608062482372.266
59600002982307.05
59591945661368.516
59583890518673.01
59575837553337.33
59567786764478.77
59559738151215.09
59551691712664.54
59543647447945.82
59535605356178.13
59527565436481.15
59519527687975.01
59511492109780.33
59503458701018.21
59495427460810.22
59487398388278.4
59479371482545.26
59471346742733.8
59463324167967.48
59455303757370.234
59447285510066.48
59439269425181.086
59431255501839.414
59423243739167.28
59415234136291.0
59407226692337.32
59399221406433.484
59391218277707.21
59383217305286.664
59375218488300.5
59367221825877.836
59359227317148.25
59351234961241.805
59343244757289.03
59335256704420.91
59327270801768.9
59319287048464.93
59311305443641.41
59303325986431.17
59295348675967.57
59287373511384.38
59279400491815.88
59271429616396.79
59263460884262.29
59255494294548.05
59247529846390.18
59239567538925.266
59231607371290.37
59223649342622.99
59215693452061.11
59207739698743.17
59199788081808.07
59191838600395.18
59183891253644.32
59175946040695.79
59168002960690.32
59160062012769.15
59152123196073.93
59144186509746.805
59136251952930.36
59128319524767.664
59120389224402.21
59112461050977.99
59104535003639.44
59096611081531.43
59088689283799.32
59080769609588.914
59072852058046.49
59064936628318.76
59057023319552.91
59049112130896.57
59041203061497.84
59033296110505.28
59025391277067.875
59017488560335.11
59009587959456.88
59001689473583.58
58993793101866.02
58985898843455.49
58978006697503.734
58970116663162.93
58962228739585.73
58954342925925.23
58946459221334.97
58938577624968.97
58930698135981.67
58922820753527.99
58914945476763.29
58907072304843.37
58899201236924.49
58891332272163.38
58883465409717.195
58875600648743.55
58867737988400.49
58859877427846.56
58852018966240.71
58844162602742.34
58836308336511.336
58828456166707.984
58820606092493.05
58812758113027.74
58804912227473.71
58797068434993.055
58789226734748.32
58781387125902.51
58773549607619.055
58765714179061.84
58757880839395.22
58750049587783.94
58742220423393.24
58734393345388.8
58726568352936.7
58718745445203.53
58710924621356.27
58703105880562.38
58695289221989.734
58687474644806.67
58679662148181.96
58671851731284.83
58664043393284.92
58656237133352.35
58648432950657.65
58640630844371.81
58632830813666.26
58625032857712.85
58617236975683.9
58609443166752.15
58601651430090.79
58593861764873.445
58586074170274.18
58578288645467.5
58570505189628.34
58562723801932.1
58554944481554.586
58547167227672.055
58539392039461.21
58531618916099.18
58523847856763.53
58516078860632.27
58508311926883.85
58500547054697.13
58492784243251.445
58485023491726.54
58477264799302.586
58469508165160.22
58461753588480.49
58454001068444.89
58446250604235.336
58438502195034.195
58430755840024.24
58423011538388.72
58415269289311.28
58407529091976.01
58399790945567.42
58392054849270.484
58384320802270.586
58376588803753.53
58368858852905.58
58361130948913.4
58353405090964.12
58345681278245.26
58337959509944.8
58330239785251.15
58322522103353.125
58314806463439.99
58307092864701.445
58299381306327.59
58291671787508.984
58283964307436.586
58276258865301.81
58268555460296.484
58260854091612.86
58253154758443.625
58245457459981.88
58237762195421.18
58230068963955.47
58222377764779.15
58214688597087.02
58207001460074.33
58199316352936.74
58191633274870.35
58183952225071.664
58176273202737.62
58168596207065.57
58160921237253.32
58153248292499.06
58145577372001.44
58137908474959.5
58130241600572.72
58122576748040.99
58114913916564.66
58107253105344.44
58099594313581.51
58091937540477.45
58084282785234.27
58076630047054.4
58068979325140.68
58061330618696.38
58053683926925.18
58046039249031.195
58038396584218.945
58030755931693.38
58023117290659.85
58015480660324.16
58007846039892.48
58000213428571.44
57992582825568.07
57984954230089.836
57977327641344.586
57969703058540.625
57962080480886.64
57954459907591.76
57946841337865.51
57939224770917.836
57931610205959.12
57923997642200.12
57916387078852.05
57908778515126.5
57901171950235.51
57893567383391.51
57885964813807.34
57878364240696.29
57870765663272.01
57863169080748.61
57855574492340.586
57847981897262.85
57840391294730.734
57832802683959.98
57825216064166.72
57817631434567.54
57810048794379.4
57802468142819.69
57794889479106.19
57787312802457.12
57779738112091.086
57772165407227.12
57764594687084.64
57757025950883.51
57749459197843.95
57741894427186.66
57734331638132.664
57726770829903.47
57719212001720.95
57711655152807.4
57704100282385.51
57696547389678.39
57688996473909.555
57681447534302.92
57673900570082.81
57666355580473.95
57658812564701.49
57651271521990.96
57643732451568.31
57636195352659.9
57628660224492.47
57621127066293.19
57613595877289.625
57606066656709.734
57598539403781.91
57591014117734.9
57583490797797.9
57575969443200.484
57568450053172.64
57560932626944.75
57553417163747.61
57545903662812.39
57538392123370.695
57530882544654.516
57523374925896.24
57515869266328.67
57508365565184.984
57500863821698.79
57493364035104.07
57485866204635.23
57478370329527.05
57470876409014.72
57463384442333.84
57455894428720.4
57448406367410.78
57440920257641.766
57433436098650.54
57425953889674.69
57418473629952.18
57410995318721.4
57403518955221.11
57396044538690.484
57388572068369.08
57381101543496.87
57373632963314.19
57366166327061.805
57358701633980.86
57351238883312.9
57343778074299.84
57336319206184.04
57328862278208.21
57321407289615.46
57313954239649.32
57306503127553.68
57299053952572.84
57291606713951.51
57284161410934.75
57276718042768.05
57269276608697.27
57261837107968.68
57254399539828.93
57246963903525.055
57239530198304.49
57232098423415.08
57224668578105.016
57217240661622.914
57209814673217.766
57202390612138.97
57194968477636.3
57187548268959.9
57180129985360.34
57172713626088.58
57165299190395.914
57157886677534.09
57150476086755.21
57143067417311.76
57135660668456.63
57128255839443.09
57120852929524.805
57113451937955.805
57106052863990.53
57098655706883.8
57091260465890.805
57083867140267.15
57076475729268.8
57069086232152.11
57061698648173.836
57054312976591.11
57046929216661.44
57039547367642.72
57032167428793.234
57024789399371.66
57017413278637.03
57010039065848.8
57002666760266.766
56995296361151.14
56987927867762.5
56980561279361.805
56973196595210.41
56965833814570.03
56958472936702.79
56951113960871.18
56943756886338.06
56936401712366.69
56929048438220.7
56921697063164.12
56914347586461.32
56907000007377.086
56899654325176.57
56892310539125.31
56884968648489.21
56877628652534.57
56870290550528.05
56862954341736.7
56855620025427.95
56848287600869.6
56840957067329.84
56833628424077.22
56826301670380.68
56818976805509.52
56811653828733.46
56804332739322.54
56797013536547.21
56789696219678.3
56782380787986.98
56775067240744.836
56767755577223.81
56760445796696.23
56753137898434.77
56745831881712.52
56738527745802.92
56731225489979.78
56723925113517.3
56716626615690.03
56709329995772.92
56702035253041.28
56694742386770.79
56687451396237.516
56680162280717.875
56672875039488.67
56665589671827.086
56658306177010.66
56651024554317.3
56643744803025.305
56636466922413.33
56629190911760.4
56621916770345.914
56614644497449.64
56607374092351.73
56600105554332.68
56592838882673.375
56585574076655.06
56578311135559.35
56571050058668.234
56563790845264.07
56556533494629.58
56549278006047.84
56542024378802.32
56534772612176.85
56527522705455.62
56520274657923.19
56513028468864.48
56505784137564.79
56498541663309.78
56491301045385.484
56484062283078.28
56476825375674.94
56469590322462.58
56462357122728.695
56455125775761.13
56447896280848.11
56440668637278.22
56433442844340.41
56426218901323.98
56418996807518.61
56411776562214.34
56404558164701.586
56397341614271.1
56390126910214.01
56382914051821.81
56375703038386.35
56368493869199.86
56361286543554.91
56354081060744.43
56346877420061.73
56339675620800.48
56332475662254.69
56325277543718.75
56318081264487.41
56310886823855.766
56303694221119.29
56296503455573.805
56289314526515.51
56282127433240.92
56274942175046.97
56267758751230.91
56260577161090.35
56253397403923.29
56246219479028.06
56239043385703.36
56231869123248.234
56224696690962.11
56217526088144.74
56210357314096.266
56203190368117.164
56196025249508.27
56188861957570.8
56181700491606.28
56174540850916.65
56167383034804.14
56160227042571.4
56153072873521.39
56145920526957.445
56138770002183.26
56131621298502.85
56124474415220.64
56117329351641.37
56110186107070.125
56103044680812.38
56095905072173.95
56088767280460.99
56081631304980.016
56074497145037.9
56067364799941.86
56060234268999.48
56053105551518.68
56045978646807.74
56038853554175.3
56031730272930.33
56024608802382.17
56017489141840.5
56010371290615.37
56003255248017.14
55996141013356.57
55989028585944.734
55981917965093.08
55974809150113.38
55967702140317.79
55960596935018.78
55953493533529.19
55946391935162.195
55939292139231.336
55932194145050.49
55925097951933.89
55918003559196.11
55910910966152.07
55903820172117.05
55896731176406.66
55889643978336.875
55882558577224.0
55875474972384.7
55868393163135.984
55861313148795.195
55854234928680.05
55847158502108.56
55840083868399.16
55833011026870.54
55825939976841.805
55818870717632.38
55811803248562.03
55804737568950.87
55797673678119.36
55790611575388.3
55783551260078.83
55776492731512.45
55769435989010.99
55762381031896.63
55755327859491.89
55748276471119.63
55741226866103.05
55734179043765.695
55727133003431.47
55720088744424.586
55713046266069.63
55706005567691.51
55698966648615.48
55691929508167.14
55684894145672.42
55677860560457.61
55670828751849.32
55663798719174.51
55656770461760.47
55649743978934.84
55642719270025.62
55635696334361.086
55628675171269.93
55621655780081.125
55614638160124.01
55607622310728.26
55600608231223.88
55593595920941.22
55586585379210.96
55579576605364.13
55572569598732.086
55565564358646.53
55558560884439.49
55551559175443.34
55544559230990.79
55537561050414.88
55530564633048.99
55523569978226.84
55516577085282.484
55509585953550.3
55502596582365.01
55495608971061.68
55488623118975.695
55481639025442.78
55474656689799.01
55467676111380.76
55460697289524.77
55453720223568.11
55446744912848.164
55439771356702.664
55432799554469.68
55425829505487.6
55418861209095.164
55411894664631.414
55404929871435.76
55397966828847.92
55391005536207.95
55384045992856.25
55377088198133.53
55370132151380.84
55363177851939.58
55356225299151.44
55349274492358.48
55342325430903.06
55335378114127.91
55328432541376.04
55321488711990.83
55314546625315.96
55307606280695.47
55300667677473.7
55293730814995.35
55286795692605.41
55279862309649.23
55272930665472.47
55266000759421.125
55259072590841.53
55252146159080.336
55245221463484.51
55238298503401.37
55231377278178.54
55224457787163.984
55217540029705.99
55210624005153.17
55203709712854.47
55196797152159.14
55189886322416.79
55182977222977.33
55176069853191.0
55169164212408.375
55162260299980.34
55155358115258.125
55148457657593.26
55141558926337.62
55134661920843.39
55127766640463.09
55120873084549.57
55113981252455.98
55107091143535.805
55100202757142.87
55093316092631.28
55086431149355.52
55079547926670.36
55072666423930.9
55065786640492.555
55058908575711.08
55052032228942.54
55045157599543.32
55038284686870.13
55031413490280.016
55024544009130.31
55017676242778.695
55010810190583.164
55003945851902.04
54997083226093.94
54990222312517.83
54983363110532.984
54976505619498.99
54969649838775.77
54962795767723.555
54955943405702.89
54949092752074.66
54942243806200.04
54935396567440.54
54928551035157.99
54921707208714.54
54914865087472.64
54908024670795.08
54901185958044.95
54894348948585.664
54887513641780.96
54880680036994.88
54873848133591.8
54867017930936.38
54860189428393.64
54853362625328.88
54846537521107.74
54839714115096.16
54832892406660.4
54826072395167.03
54819254079982.95
54812437460475.37
54805622536011.8
54798809305960.086
54791997769688.37
54785187926565.12
54778379775959.1
54771573317239.43
54764768549775.49
54757965472937.01
54751164086094.016
54744364388616.85
54737566379876.19
54730770059242.98
54723975426088.51
54717182479784.375
54710391219702.484
54703601645215.055
54696813755694.62
54690027550514.01
54683243029046.38
54676460190665.21
54669679034744.25
54662899560657.6
54656121767779.66
54649345655485.11
54642571223148.99
54635798470146.62
54629027395853.625
54622257999645.96
54615490280899.875
54608724238991.94
54601959873299.01
54595197183198.28
54588436168067.234
54581676827283.67
54574919160225.695
54568163166271.71
54561408844800.46
54554656195190.95
54547905216822.54
54541155909074.84
54534408271327.836
54527662302961.766
54520918003357.195
54514175371894.99
54507434407956.336
54500695110922.71
54493957480175.91
54487221515098.01
54480487215071.43
54473754579478.86
54467023607703.31
54460294299128.11
54453566653136.87
54446840669113.5
54440116346442.25
54433393684507.65
54426672682694.516
54419953340388.016
54413235656973.57
54406519631836.945
54399805264364.17
54393092553941.625
54386381499955.945
54379672101794.09
54372964358843.336
54366258270491.234
54359553836125.65
54352851055134.76
54346149926907.03
54339450450831.23
54332752626296.43
54326056452692.0
54319361929407.63
54312669055833.28
54305977831359.234
54299288255376.07
54292600327274.66
54285914046446.17
54279229412282.09
54272546424174.21
54265865081514.58
54259185383695.586
54252507330109.9
54245830920150.49
54239156153210.65
54232483028683.92
54225811545964.195
54219141704445.625
54212473503522.68
54205806942590.125
54199142021043.02
54192478738276.73
54185817093686.9
54179157086669.484
54172498716620.734
54165841982937.195
54159186885015.72
54152533422253.43
54145881594047.77
54139231399796.48
54132582838897.57
54125935910749.375
54119290614750.51
54112646950299.89
54106004916796.73
54099364513640.516
54092725740231.06
54086088595968.45
54079453080253.086
54072819192485.64
54066186932067.08
54059556298398.69
54052927290882.02
54046299908918.945
54039674151911.6
54033050019262.43
54026427510374.18
54019806624649.87
54013187361492.82
54006569720306.66
53999953700495.27
53993339301462.875
53986726522613.95
53980115363353.28
53973505823085.945
53966897901217.3
53960291597153.01
53953686910299.01
53947083840061.55
53940482385847.15
53933882547062.63
53927284323115.11
53920687713411.98
53914092717360.92
53907499334369.93
53900907563847.266
53894317405201.484
53887728857841.43
53881141921176.25
53874556594615.37
53867972877568.484
53861390769445.62
53854810269657.05
53848231377613.35
53841654092725.41
53835078414404.36
53828504342061.66
53821931875109.02
53815361012958.48
53808791755022.33
53802224100713.16
53795658049443.85
53789093600627.57
53782530753677.76
53775969508008.164
53769409863032.805
53762851818165.984
53756295372822.305
53749740526416.65
53743187278364.17
53736635628080.33
53730085574980.85
53723537118481.766
53716990257999.38
53710444992950.27
53703901322751.33
53697359246819.7
53690818764572.83
53684279875428.44
53677742578804.55
53671206874119.44
53664672760791.69
53658140238240.16
53651609305884.0
53645079963142.62
53638552209435.74
53632026044183.34
53625501466805.71
53618978476723.38
53612457073357.2
53605937256128.29
53599419024458.04
53592902377768.13
53586387315480.54
53579873837017.49
53573361941801.52
53566851629255.43
53560342898802.3
53553835749865.5
53547330181868.67
53540826194235.75
53534323786390.93
53527822957758.7
53521323707763.83
53514826035831.36
53508329941386.61
53501835423855.19
53495342482662.98
53488851117236.125
53482361327001.08
53475873111384.555
53469386469813.55
53462901401715.33
53456417906517.45
53449935983647.74
53443455632534.3
53436976852605.516
53430499643290.05
53424024004016.836
53417549934215.086
53411077433314.3
53404606500744.234
53398137135934.94
53391669338316.73
53385203107320.2
53378738442376.234
53372275342915.96
53365813808370.81
53359353838172.484
53352895431752.95
53346438588544.46
53339983307979.54
53333529589490.98
53327077432511.84
53320626836475.49
53314177800815.55
53307730324965.88
53301284408360.69
53294840050434.4
53288397250621.73
53281956008357.66
53275516323077.46
53269078194216.664
53262641621211.08
53256206603496.79
53249773140510.14
53243341231687.75
53236910876466.54
53230482074283.65
53224054824576.54
53217629126782.92
53211204980340.766
53204782384688.34
53198361339264.17
53191941843507.05
53185523896856.05
53179107498750.5
53172692648630.02
53166279345934.5
53159867590104.06
53153457380579.16
53147048716800.445
53140641598208.914
53134236024245.77
53127831994352.52
53121429507970.945
53115028564543.07
53108629163511.195
53102231304317.91
53095834986406.04
53089440209218.7
53083046972199.29
53076655274791.44
53070265116439.07
53063876496586.36
53057489414677.77
53051103870158.01
53044719862472.07
53038337391065.2
53031956455382.93
53025577054871.03
53019199188975.57
53012822857142.87
53006448058819.49
53000074793452.31
52993703060488.445
52987332859375.27
52980964189560.445
52974597050491.875
52968231441617.75
52961867362386.51
52955504812246.87
52949143790647.8
52942784297038.55
52936426330868.61
52930069891587.766
52923714978646.05
52917361591493.75
52911009729581.43
52904659392359.93
52898310579280.32
52891963289793.97
52885617523352.48
52879273279407.74
52872930557411.89
52866589356817.33
52860249677076.734
52853911517643.03
52847574877969.414
52841239757509.336
52834906155716.516
52828574072044.93
52822243505948.82
52815914456882.69
52809586924301.3
52803260907659.67
52796936406413.09
52790613420017.12
52784291947927.55
52777971989600.445
52771653544492.15
52765336612059.24
52759021191758.58
52752707283047.26
52746394885382.664
52740083998222.414
52733774621024.39
52727466753246.76
52721160394347.914
52714855543786.52
52708552201021.516
52702250365512.06
52695950036717.625
52689651214097.88
52683353897112.81
52677058085222.625
52670763777887.79
52664470974569.05
52658179674727.38
52651889877824.05
52645601583320.55
52639314790678.64
52633029499360.35
52626745708827.95
52620463418543.98
52614182627971.23
52607903336572.734
52601625543811.805
52595349249152.0
52589074452057.13
52582801151991.28
52576529348418.766
52570259040804.164
52563990228612.32
52557722911308.32
52551457088357.52
52545192759225.52
52538929923378.18
52532668580281.6
52526408729402.16
52520150370206.47
52513893502161.414
52507638124734.12
52501384237391.96
52495131839602.586
52488880930833.875
52482631510553.984
52476383578231.3
52470137133334.48
52463892175332.414
52457648703694.266
52451406717889.445
52445166217387.62
52438927201658.69
52432689670172.82
52426453622400.445
52420219057812.21
52413985975879.06
52407754376072.16
52401524257862.92
52395295620723.04
52389068464124.42
52382842787539.266
52376618590439.984
52370395872299.266
52364174632590.03
52357954870785.48
52351736586359.016
52345519778784.336
52339304447535.375
52333090592086.305
52326878211911.555
52320667306485.805
52314457875283.99
52308249917781.29
52302043433453.125
52295838421775.17
52289634882223.36
52283432814273.86
52277232217403.09
52271033091087.74
52264835434804.71
52258639248031.17
52252444530244.54
52246251280922.48
52240059499542.89
52233869185583.945
52227680338524.04
52221492957841.836
52215307043016.22
52209122593526.34
52202939608851.6
52196758088471.63
52190578031866.32
52184399438515.8
52178222307900.44
52172046639500.875
52165872432797.98
52159699687272.86
52153528402406.875
52147358577681.64
52141190212579.01
52135023306581.06
52128857859170.164
52122693869828.89
52116531338040.07
52110370263286.78
52104210645052.35
52098052482820.34
52091895776074.555
52085740524299.055
52079586726978.13
52073434383596.33
52067283493638.42
52061134056589.45
52054986071934.69
52048839539159.63
52042694457750.05
52036550827191.94
52030408646971.54
52024267916575.34
52018128635490.08
52011990803202.7
52005854419200.44
51999719482970.734
51993585994001.29
51987453951780.03
51981323355795.16
51975194205535.07
51969066500488.44
51962940240144.164
51956815423991.38
51950692051519.49
51944570122218.12
51938449635577.11
51932330591086.586
51926212988236.88
51920096826518.6
51913982105422.555
51907868824439.81
51901756983061.69
51895646580779.72
51889537617085.69
51883430091471.625
51877324003429.79
51871219352452.69
51865116138033.055
51859014359663.875
51852914016838.36
51846815109049.98
51840717635792.414
51834621596559.61
51828526990845.73
51822433818145.18
51816342077952.62
51810251769762.92
51804162893071.21
51798075447372.84
51791989432163.42
51785904846938.78
51779821691194.984
51773739964428.34
51767659666135.4
51761580795812.93
51755503352957.95
51749427337067.73
51743352747639.734
51737279584171.7
51731207846161.59
51725137533107.59
51719068644508.14
51713001179861.91
51706935138667.79
51700870520424.92
51694807324632.69
51688745550790.68
51682685198398.75
51676626266956.97
51670568755965.64
51664512664925.33
51658457993336.8
51652404740701.07
51646352906519.38
51640302490293.22
51634253491524.3
51628205909714.56
51622159744366.195
51616114994981.61
51610071661063.445
51604029742114.6
51597989237638.17
51591950147137.516
51585912470116.195
51579876206078.04
51573841354527.08
51567807914967.586
51561775886904.07
51555745269841.27
51549716063284.164
51543688266737.945
51537661879708.05
51531636901700.13
51525613332220.09
51519591170774.06
51513570416868.4
51507551070009.69
51501533129704.74
51495516595460.62
51489501466784.59
51483487743184.17
51477475424167.1
51471464509241.35
51465454997915.11
51459446889696.81
51453440184095.125
51447434880618.92
51441430978777.33
51435428478079.69
51429427378035.58
51423427678154.8
51417429377947.38
51411432476923.59
51405436974593.92
51399442870469.086
51393450164060.03
51387458854877.93
51381468942434.19
51375480426240.43
51369493305808.52
51363507580650.54
51357523250278.8
51351540314205.836
51345558771944.43
51339578623007.56
51333599866908.45
51327622503160.56
51321646531277.555
51315671950773.33
51309698761162.02
51303726961957.98
51297756552675.77
51291787532830.22
51285819901936.35
51279853659509.414
51273888805064.9
51267925338118.51
51261963258186.17
51256002564784.06
51250043257428.55
51244085335636.234
51238128798923.97
51232173646808.8
51226219878808.01
51220267494439.1
51214316493219.81
51208366874668.086
51202418638302.12
51196471783640.29
51190526310201.24
51184582217503.82
51178639505067.09
51172698172410.37
51166758219053.16
51160819644515.195
51154882448316.46
51148946629977.13
51143012189017.625
51137079124958.58
51131147437320.836
51125217125625.484
51119288189393.82
51113360628147.37
51107434441407.875
51101509628697.3
51095586189537.836
51089664123451.89
51083743429962.09
51077824108591.3
51071906158862.58
51065989580299.23
51060074372424.76
51054160534762.91
51048248066837.625
51042336968173.1
51036427238293.73
51030518876724.12
51024611882989.11
51018706256613.766
51012801997123.35
51006899104043.38
51000997576899.56
50995097415217.83
50989198618524.336
50983301186345.47
50977405118207.805
50971510413638.17
50965617072163.59
50959725093311.32
50953834476608.82
50947945221583.79
50942057327764.12
50936170794677.945
50930285621853.6
50924401808819.66
50918519355104.875
50912638260238.266
50906758523749.04
50900880145166.62
50895003124020.66
50889127459841.02
50883253152157.79
50877380200501.26
50871508604401.95
50865638363390.59
50859769476998.14
50853901944755.76
50848035766194.82
50842170940846.93
50836307468243.91
50830445347917.77
50824584579400.77
50818725162225.375
50812867095924.26
50807010380030.305
50801155014076.63
50795300997596.555
50789448330123.625
50783597011191.58
50777747040334.4
50771898417086.26
50766051140981.56
50760205211554.92
50754360628341.16
50748517390875.305
50742675498692.63
50736834951328.6
50730995748318.9
50725157889199.414
50719321373506.26
50713486200775.76
50707652370544.45
50701819882349.08
50695988735726.62
50690158930214.23
50684330465349.305
50678503340669.45
50672677555712.484
50666853110016.43
50661030003119.516
50655208234560.2
50649387803877.16
50643568710609.25
50637750954295.57
50631934534475.41
50626119450688.29
50620305702473.92
50614493289372.25
50608682210923.414
50602872466667.766
50597064056145.88
50591256978898.53
50585451234466.71
50579646822391.62
50573843742214.66
50568041993477.445
50562241575721.83
50556442488489.836
50550644731323.73
50544848303765.96
50539053205359.195
50533259435646.33
50527466994170.44
50521675880474.836
50515886094103.016
50510097634598.7
50504310501505.836
50498524694368.53
50492740212731.15
50486957056138.234
50481175224134.555
50475394716265.08
50469615532074.984
50463837671109.664
50458061132914.71
50452285917035.93
50446512023019.33
50440739450411.13
50434968198757.77
50429198267605.87
50423429656502.28
50417662364994.04
50411896392628.42
50406131738952.875
50400368403515.086
50394606385862.914
50388845685544.46
50383086302108.0
50377328235102.05
50371571484075.3
50365816048576.66
50360061928155.25
50354309122360.4
50348557630741.625
50342807452848.664
50337058588231.46
50331311036440.16
50325564797025.11
50319819869536.86
50314076253526.19
50308333948544.05
50302592954141.61
50296853269870.26
50291114895281.56
50285377829927.32
50279642073359.52
50273907625130.35
50268174484792.21
50262442651897.71
50256712125999.65
50250982906651.04
50245254993405.09
50239528385815.24
50233803083435.086
50228079085818.47
50222356392519.414
50216635003092.15
50210914917091.12
50205196134070.945
50199478653586.484
50193762475192.77
50188047598445.055
50182334022898.78
50176621748109.61
50170910773633.38
50165201099026.164
50159492723844.21
50153785647643.98
50148079869982.125
50142375390415.53
50136672208501.24
50130970323796.53
50125269735858.87
50119570444245.92
50113872448515.56
50108175748225.86
50102480342935.086
50096786232201.72
50091093415584.42
50085401892642.08
50079711662933.76
50074022726018.734
50068335081456.484
50062648728806.69
50056963667629.22
50051279897484.15
50045597417931.76
50039916228532.516
50034236328847.09
50028557718436.375
50022880396861.43
50017204363683.52
50011529618464.14
50005856160764.94
50000183990147.79
49994513106174.766
49988843508408.13
49983175196410.35
49977508169744.09
49971842427972.22
49966177970657.78
49960514797364.04
49954852907654.45
49949192301092.68
49943532977242.57
49937874935668.164
49932218175933.73
49926562697603.68
49920908500242.69
49915255583415.57
49909603946687.375
49903953589623.336
49898304511788.875
49892656712749.625
49887010192071.41
49881364949320.234
49875720984062.336
49870078295864.12
49864436884292.19
49858796748913.35
49853157889294.61
49847520305003.16
49841883995606.39
49836248960671.9
49830615199767.45
49824982712461.05
49819351498320.85
49813721556915.234
49808092887812.76
49802465490582.19
49796839364792.47
49791214510012.76
49785590925812.39
49779968611760.914
49774347567428.06
49768727792383.76
49763109286198.12
49757492048441.46
49751876078684.305
49746261376497.336
49740647941451.47
49735035773117.78
49729424871067.57
49723815234872.3
49718206864103.64
49712599758333.48
49706993917133.84
49701389340077.0
49695786026735.39
49690183976681.65
49684583189488.61
49678983664729.28
49673385401976.89
49667788400804.836
49662192660786.72
49656598181496.33
49651004962507.65
49645413003394.85
49639822303732.31
49634232863094.57
49628644681056.4
49623057757192.72
49617472091078.67
49611887682289.58
49606304530400.96
49600722634988.516
49595141995628.14
49589562611895.93
49583984483368.16
49578407609621.29
49572831990232.0
49567257624777.12
49561684512833.695
49556112653978.97
49550542047790.34
49544972693845.445
49539404591722.06
49533837740998.195
49528272141252.016
49522707792061.89
49517144693006.39
49511582843664.26
49506022243614.43
49500462892436.04
49494904789708.39
49489347935010.99
49483792327923.54
49478237968025.92
49472684854898.195
49467132988120.625
49461582367273.664
49456032991937.945
49450484861694.29
49444937976123.71
49439392334807.414
49433847937326.78
49428304783263.39
49422762872199.0
49417222203715.57
49411682777395.234
49406144592820.32
49400607649573.34
49395071947236.99
49389537485394.164
49384004263627.93
49378472281521.555
49372941538658.48
49367412034622.34
49361883768996.97
49356356741366.35
49350830951314.7
49345306398426.38
49339783082285.98
49334261002478.22
49328740158588.06
49323220550200.62
49317702176901.195
49312185038275.3
49306669133908.6
49301154463386.97
49295641026296.45
49290128822223.3
49284617850753.91
49279108111474.89
49273599603973.05
49268092327835.35
49262586282648.96
49257081468001.22
49251577883479.66
49246075528671.984
49240574403166.1
49235074506550.086
49229575838412.21
49224078398340.914
49218582185924.84
49213087200752.81
49207593442413.81
49202100910497.03
49196609604591.84
49191119524287.79
49185630669174.62
49180143038842.234
49174656632880.734
49169171450880.414
49163687492431.734
49158204757125.336
49152723244552.06
49147242954302.92
49141763885969.11
49136286039142.0
49130809413413.164
49125334008374.336
49119859823617.44
49114386858734.586
49108915113318.06
49103444586960.336
49097975279254.055
49092507189792.06
49087040318167.36
49081574663973.16
49076110226802.82
49070647006249.91
49065185001908.164
49059724213371.5
49054264640234.02
49048806282090.01
49043349138533.92
49037893209160.41
49032438493564.28
49026984991340.555
49021532702084.4
49016081625391.18
49010631760856.45
49005183108075.92
48999735666645.5
48994289436161.266
48988844416219.484
48983400606416.59
48977958006349.21
48972516615614.14
48967076433808.37
48961637460529.04
48956199695373.49
48950763137939.25
48945327787824.0
48939893644625.62
48934460707942.16
48929028977371.84
48923598452513.086
48918169132964.48
48912741018324.78
48907314108192.94
48901888402168.06
48896463899849.46
48891040600836.62
48885618504729.17
48880197611126.96
48874777919629.99
48869359429838.46
48863942141352.73
48858526053773.32
48853111166700.98
48847697479736.58
48842284992481.21
48836873704536.11
48831463615502.7
48826054724982.6
48820647032577.57
48815240537889.58
48809835240520.75
48804431140073.4
48799028236149.99
48793626528353.21
48788226016285.875
48782826699551.01
48777428577751.79
48772031650491.58
48766635917373.92
48761241378002.53
48755848031981.3
48750455878914.28
48745064918405.72
48739675150060.03
48734286573481.805
48728899188275.805
48723512994046.97
48718127990400.414
48712744176941.42
48707361553275.46
48701980119008.164
48696599873745.35
48691220817093.0
48685842948657.266
48680466268044.49
48675090774861.19
48669716468714.02
48664343349209.86
48658971415955.73
48653600668558.82
48648231106626.52
48642862729766.375
48637495537586.11
48632129529693.62
48626764705696.95
48621401065204.38
48616038607824.3
48610677333165.3
48605317240836.13
48599958330445.74
48594600601603.234
48589244053917.87
48583888686999.11
48578534500456.57
48573181493900.05
48567829666939.5
48562479019185.07
48557129550247.07
48551781259735.98
48546434147262.44
48541088212437.27
48535743454871.49
48530399874176.25
48525057469962.89
48519716241842.92
48514376189428.01
48509037312330.02
48503699610160.97
48498363082533.055
48493027729058.625
48487693549350.23
48482360543020.555
48477028709682.49
48471698048949.08
48466368560433.52
48461040243749.22
48455713098509.72
48450387124328.74
48445062320820.19
48439738687598.125
48434416224276.77
48429094930470.55
48423774805794.016
48418455849861.92
48413138062289.17
48407821442690.85
48402505990682.21
48397191705878.67
48391878587895.805
48386566636349.38
48381255850855.33
48375946231029.734
48370637776488.85
48365330486849.125
48360024361727.14
48354719400739.68
48349415603503.664
48344112969636.2
48338811498754.57
48333511190476.195
48328212044418.695
48322914060199.836
48317617237437.56
48312321575749.99
48307027074755.39
48301733734072.2
48296441553319.05
48291150532114.695
48285860670078.09
48280571966828.36
48275284421984.766
48269998035166.766
48264712805993.97
48259428734086.15
48254145819063.266
48248864060545.414
48243583458152.88
48238304011506.12
48233025720225.73
48227748583932.484
48222472602247.336
48217197774791.39
48211924101185.92
48206651581052.375
48201380214012.34
48196109999687.62
48190840937700.11
48185573027671.94
48180306269225.37
48175040661982.83
48169776205566.92
48164512899600.41
48159250743706.2
48153989737507.42
48148729880627.3
48143471172689.266
48138213613316.91
48132957202133.97
48127701938764.375
48122447822832.195
48117194853961.68
48111943031777.22
48106692355903.41
48101442825964.96
48096194441586.79
48090947202393.945
48085701108011.664
48080456158065.33
48075212352180.49
48069969689982.87
48064728171098.34
48059487795152.95
48054248561772.914
48049010470584.58
48043773521214.484
48038537713289.336
48033303046435.97
48028069520281.42
48022837134452.875
48017605888577.66
48012375782283.29
48007146815197.445
48001918986947.94
47996692297162.77
47991466745470.1
47986242331498.25
47981019054875.69
47975796915231.055
47970575912193.16
47965356045390.96
47960137314453.586
47954919719010.33
47949703258690.625
47944487933124.09
47939273741940.5
47934060684769.78
47928848761242.02
47923637970987.484
47918428313636.58
47913219788819.88
47908012396168.125
47902806135312.2
47897601005883.18
47892397007512.266
47887194139830.84
47881992402470.445
47876791795062.766
47871592317239.67
47866393968633.17
47861196748875.45
47856000657598.836
47850805694435.836
47845611859019.09
47840419150981.43
47835227569955.82
47830037115575.41
47824847787473.46
47819659585283.46
47814472508639.0
47809286557173.85
47804101730521.95
47798918028317.38
47793735450194.4
47788553995787.39
47783373664730.94
47778194456659.76
47773016371208.73
47767839408012.88
47762663566707.44
47757488846927.73
47752315248309.27
47747142770487.75
47741971413098.984
47736801175778.96
47731632058163.82
47726464059889.875
47721297180593.58
47716131419911.555
47710966777480.56
47705803252937.55
47700640845919.586
47695479556063.94
47690319383008.0
47685160326389.32
47680002385845.64
47674845561014.805
47669689851534.87
47664535257044.0
47659381777180.55
47654229411583.016
47649078159890.055
47643928021740.48
47638778996773.25
47633631084627.5
47628484284942.51
47623338597357.7
47618194021512.68
47613050557047.195
47607908203601.13
47602766960814.57
47597626828327.71
47592487805780.92
47587349892814.734
47582213089069.83
47577077394187.04
47571942807807.35
47566809329571.914
47561676959122.02
47556545696099.14
47551415540144.87
47546286490900.97
47541158548009.375
47536031711112.14
47530905979851.51
47525781353869.86
47520657832809.71
47515535416313.77
47510414104024.89
47505293895586.05
47500174790640.4
47495056788831.26
47489939889802.08
47484824093196.48
47479709398658.22
47474595805831.23
47469483314359.56
47464371923887.47
47459261634059.31
47454152444519.64
47449044354913.125
47443937364884.61
47438831474079.09
47433726682141.71
47428622988717.766
47423520393452.71
47418418895992.14
47413318495981.81
47408219193067.64
47403120986895.68
47398023877112.14
47392927863363.39
47387832945295.945
47382739122556.48
47377646394791.8
47372554761648.89
47367464222774.87
47362374777817.01
47357286426422.74
47352199168239.65
47347113002915.46
47342027930098.05
47336943949435.45
47331861060575.85
47326779263167.586
47321698556859.14
47316618941299.16
47311540416136.41
47306462981019.84
47301386635598.555
47296311379521.77
47291237212438.89
47286164133999.45
47281092143853.15
47276021241649.82
47270951427039.45
47265882699672.195
47260815059198.336
47255748505268.32
47250683037532.734
47245618655642.33
47240555359247.984
47235493148000.74
47230432021551.8
47225371979552.484
47220313021654.305
47215255147508.88
47210198356768.01
47205142649083.625
47200088024107.82
47195034481492.82
47189982020891.01
47184930641954.92
47179880344337.25
47174831127690.805
47169782991668.586
47164735935923.7
47159689960109.44
47154645063879.22
47149601246886.61
47144558508785.336
47139516849229.27
47134476267872.42
47129436764368.96
47124398338373.2
47119360989539.59
47114324717522.76
47109289521977.44
47104255402558.55
47099222358921.13
47094190390720.4
47089159497611.68
47084129679250.47
47079100935292.42
47074073265393.305
47069046669209.07
47064021146395.78
47058996696609.69
47053973319507.14
47048951014744.68
47043929781978.97
47038909620866.81
47033890531065.19
47028872512231.19
47023855564022.07
47018839686095.24
47013824878108.24
47008811139718.77
47003798470584.66
46998786870363.89
46993776338714.59
46988766875295.055
46983758479763.69
46978751151779.06
46973744890999.88
46968739697085.02
46963735569693.47
46958732508484.38
46953730513117.055
46948729583250.92
46943729718545.57
46938730918660.73
46933733183256.27
46928736511992.22
46923740904528.734
46918746360526.125
46913752879644.836
46908760461545.484
46903769105888.8
46898778812335.664
46893789580547.12
46888801410184.336
46883814300908.625
46878828252381.46
46873843264264.45
46868859336219.34
46863876467908.03
46858894658992.55
46853913909135.086
46848934217997.97
46843955585243.664
46838978010534.79
46834001493534.09
46829026033904.484
46824051631309.0
46819078285410.83
46814105995873.29
46809134762359.875
46804164584534.18
46799195462059.98
46794227394601.16
46789260381821.77
46784294423386.0
46779329518958.18
46774365668202.77
46769402870784.39
46764441126367.805
46759480434617.9
46754520795199.72
46749562207778.44
46744604672019.4
46739648187588.055
46734692754150.016
46729738371371.03
46724785038916.99
46719832756453.94
46714881523648.04
46709931340165.62
46704982205673.12
46700034119837.16
46695087082324.46
46690141092801.92
46685196150936.55
46680252256395.52
46675309408846.13
46670367607955.84
46665426853392.22
46660487144823.0
46655548481916.055
46650610864339.39
46645674291761.16
46640738763849.63
46635804280273.266
46630870840700.62
46625938444800.39
46621007092241.45
46616076782692.78
46611147515823.51
46606219291302.91
46601292108800.39
46596365967985.51
46591440868527.945
46586516810097.54
46581593792364.25
46576671814998.195
46571750877669.62
46566830980048.91
46561912121806.58
46556994302613.32
46552077522139.92
46547161780057.33
46542247076036.625
46537333409749.04
46532420780865.92
46527509189058.78
46522598633999.25
46517689115359.11
46512780632810.266
46507873186024.78
46502966774674.85
46498061398432.8
46493157056971.09
46488253749962.34
46483351477079.29
46478450237994.82
46473550032381.96
46468650859913.87
46463752720263.83
46458855613105.28
46453959538111.805
46449064494957.1
46444170483315.02
46439277502859.555
46434385553264.82
46429494634205.07
46424604745354.7
46419715886388.26
46414828056980.41
46409941256805.95
46405055485539.836
46400170742857.15
46395287028433.1
46390404341943.055
46385522683062.5
46380642051467.055
46375762446832.5
46370883868834.73
46366006317149.77
46361129791453.82
46356254291423.17
46351379816734.27
46346506367063.7
46341633942088.195
46336762541484.59
46331892164929.88
46327022812101.2
46322154482675.8
46317287176331.086
46312420892744.58
46307555631593.96
46302691392557.03
46297828175311.73
46292965979536.12
46288104804908.42
46283244651106.984
46278385517810.28
46273527404696.92
46268670311445.67
46263814237735.4
46258959183245.14
46254105147654.03
46249252130641.375
46244400131886.586
46239549151069.23
46234699187868.984
46229850241965.695
46225002313039.31
46220155400769.94
46215309504837.8
46210464624923.25
46205620760706.805
46200777911869.086
46195936078090.85
46191095259053.016
46186255454436.6
46181416663922.78
46176578887192.84
46171742123928.24
46166906373810.52
46162071636521.41
46157237911742.71
46152405199156.414
46147573498444.61
46142742809289.53
46137913131373.555
46133084464379.164
46128256807989.0
46123430161885.836
46118604525752.555
46113779899272.195
46108956282127.92
46104133674003.02
46099312074580.94
46094491483545.22
46089671900579.56
46084853325367.79
46080035757593.87
46075219196941.875
46070403643096.04
46065589095740.72
46060775554560.39
46055963019239.67
46051151489463.32
46046340964916.21
46041531445283.36
46036722930249.914
46031915419501.14
46027108912722.45
46022303409599.38
46017498909817.61
46012695413062.94
46007892919021.28
46003091427378.72
45998290937821.445
45993491450035.78
45988692963708.18
45983895478525.234
45979098994173.664
45974303510340.31
45969509026712.164
45964715542976.32
45959923058820.03
45955131573930.664
45950341087995.72
45945551600702.83
45940763111739.75
45935975620794.38
45931189127554.75
45926403631708.99
45921619132945.4
45916835630952.38
45912053125418.49
45907271616032.38
45902491102482.86
45897711584458.86
45892933061649.445
45888155533743.8
45883379000431.24
45878603461401.22
45873828916343.31
45869055364947.234
45864282806902.81
45859511241900.01
45854740669628.93
45849971089779.79
45845202502042.945
45840434906108.875
45835668301668.18
45830902688411.62
45826138066030.04
45821374434214.44
45816611792655.95
45811850141045.82
45807089479075.44
45802329806436.3
45797571122820.04
45792813427918.44
45788056721423.38
45783301003026.89
45778546272421.12
45773792529298.33
45769039773350.94
45764288004271.484
45759537221752.61
45754787425487.12
45750038615167.92
45745290790488.055
45740543951140.695
45735798096819.14
45731053227216.82
45726309342027.27
45721566440944.19
45716824523661.37
45712083589872.75
45707343639272.39
45702604671554.48
45697866686413.32
45693129683543.375
45688393662639.19
45683658623395.47
45678924565507.04
45674191488668.836
45669459392575.94
45664728276923.54
45659998141406.97
45655268985721.69
45650540809563.266
45645813612627.414
45641087394609.95
45636362155206.84
45631637894114.17
45626914611028.15
45622192305645.09
45617470977661.484
45612750626773.89
45608031252679.04
45603312855073.76
45598595433655.0
45593878988119.87
45589163518165.57
45584449023489.445
45579735503788.945
45575022958761.67
45570311388105.336
45565600791517.77
45560891168696.945
45556182519340.94
45551474843147.97
45546768139816.375
45542062409044.625
45537357650531.29
45532653863975.09
45527951049074.875
45523249205529.58
45518548333038.305
45513848431300.25
45509149500014.76
45504451538881.27
45499754547599.39
45495058525868.81
45490363473389.36
45485669389860.99
45480976274983.79
45476284128457.95
45471592949983.8
45466902739261.77
45462213495992.46
45457525219876.55
45452837910614.86
45448151567908.33
45443466191458.03
45438781780965.15
45434098336130.99
45429415856657.01
45424734342244.734
45420053792595.87
45415374207412.21
45410695586395.69
45406017929248.34
45401341235672.36
45396665505370.02
45391990738043.76
45387316933396.1
45382644091129.71
45377972210947.38
45373301292552.02
45368631335646.66
45363962339934.44
45359294305118.64
45354627230902.66
45349961116990.01
45345295963084.34
45340631768889.414
45335968534109.12
45331306258447.44
45326644941608.52
45321984583296.62
45317325183216.09
45312666741071.44
45308009256567.266
45303352729408.31
45298697159299.445
45294042545945.63
45289388889051.98
45284736188323.7
45280084443466.14
45275433654184.766
45270783820185.164
45266134941173.02
45261487016854.19
45256840046934.59
45252194031120.305
45247548969117.52
45242904860632.55
45238261705371.81
45233619503041.86
45228978253349.37
45224337956001.12
45219698610704.03
45215060217165.13
45210422775091.58
45205786284190.64
45201150744169.7
45196516154736.27
45191882515598.0
45187249826462.625
45182618087038.016
45177987297032.17
45173357456153.195
45168728564109.33
45164100620608.91
45159473625360.41
45154847578072.414
45150222478453.64
45145598326212.914
45140975121059.18
45136352862701.51
45131731550849.08
45127111185211.19
45122491765497.28
45117873291416.88
45113255762679.66
45108639178995.38
45104023540073.97
45099408845625.43
45094795095359.89
45090182288987.62
45085570426218.98
45080959506764.46
45076349530334.69
45071740496640.38
45067132405392.38
45062525256301.664
45057919049079.31
45053313783436.52
45048709459084.61
45044106075735.02
45039503633099.305
45034902130889.14
45030301568816.31
45025701946592.74
45021103263930.44
45016505520541.555
45011908716138.35
45007312850433.22
45002717923138.63
44998123933967.22
44993530882631.72
44988938768844.96
44984347592319.92
44979757352769.69
44975168049907.45
44970579683446.53
44965992253100.37
44961405758582.51
44956820199606.62
44952235575886.49
44947651887136.016
44943069133069.22
44938487313400.234
44933906427843.31
44929326476112.82
44924747457923.25
44920169372989.19
44915592221025.36
44911016001746.6
44906440714867.86
44901866360104.195
44897292937170.8
44892720445782.96
44888148885656.1
44883578256505.74
44879008558047.54
44874439789997.24
44869871952070.734
44865305043984.01
44860739065453.18
44856174016194.45
44851609895924.19
44847046704358.83
44842484441214.945
44837923106209.23
44833362699058.48
44828803219479.6
44824244667189.64
44819687041905.734
44815130343345.15
44810574571225.266
44806019725263.56
44801465805177.65
44796912810685.26
44792360741504.21
44787809597352.46
44783259377948.08
44778710083009.234
44774161712254.234
44769614265401.48
44765067742169.484
44760522142276.9
44755977465442.47
44751433711385.07
44746890879823.664
44742348970477.36
44737807983065.35
44733267917306.98
44728728772921.66
44724190549628.945
44719653247148.516
44715116865200.13
44710581403503.695
44706046861779.2
44701513239746.77
44696980537126.64
44692448753639.15
44687917889004.76
44683387942944.04
44678858915177.67
44674330805426.46
44669803613411.32
44665277338853.266
44660751981473.445
44656227540993.1
44651704017133.6
44647181409616.42
44642659718163.15
44638138942495.484
44633619082335.25
44629100137404.37
44624582107424.875
44620064992118.93
44615548791208.8
44611033504416.85
44606519131465.586
44602005672077.6
44597493125975.61
44592981492882.44
44588470772521.03
44583960964614.44
44579452068885.81
44574944085058.44
44570437012855.7
44565930852001.1
44561425602218.25
44556921263230.86
44552417834762.77
44547915316537.94
44543413708280.41
44538913009714.35
44534413220564.05
44529914340553.88
44525416369408.375
44520919306852.125
44516423152609.87
44511927906406.44
44507433567966.77
44502940137015.945
44498447613279.12
44493955996481.57
44489465286348.7
44484975482606.01
44480486584979.1
44475998593193.72
44471511506975.68
44467025326050.94
44462540050145.54
44458055678985.67
44453572212297.59
44449089649807.695
44444607991242.48
44440127236328.555
44435647384792.63
44431168436361.55
44426690390762.234
44422213247721.75
44417737006967.24
44413261668225.984
44408787231225.36
44404313695692.85
44399841061356.055
44395369327942.69
44390898495180.555
44386428562797.59
44381959530521.836
44377491398081.44
44373024165204.64
44368557831619.82
44364092397055.445
44359627861240.1
44355164223902.484
44350701484771.4
44346239643575.74
44341778700044.555
44337318653906.95
44332859504892.18
44328401252729.58
44323943897148.61
44319487437878.836
44315031874649.94
44310577207191.69
44306123435233.984
44301670558506.83
44297218576740.32
44292767489664.68
44288317297010.24
44283867998507.42
44279419593886.78
44274972082878.96
44270525465214.71
44266079740624.914
44261634908840.54
44257190969592.664
44252747922612.48
44248305767631.29
44243864504380.5
44239424132591.62
44234984651996.28
44230546062326.2
44226108363313.23
44221671554689.3
44217235636186.47
44212800607536.9
44208366468472.86
44203933218726.73
44199500858030.98
44195069386118.195
44190638802721.09
44186209107572.47
44181780300405.23
44177352380952.38
44172925348947.08
44168499204122.54
44164073946212.09
44159649574949.2
44155226090067.41
44150803491300.375
44146381778381.87
44141960951045.76
44137541009026.02
44133121952056.76
44128703779872.15
44124286492206.5
44119870088794.2
44115454569369.79
44111039933667.86
44106626181423.15
44102213312370.48
44097801326244.79
44093390222781.125
44088980001714.63
44084570662780.57
