1.000000000000000000e+03 1.147269999999048551e+00
2.000000000000000000e+03 1.159209999999126772e+00
3.000000000000000000e+03 1.164439999999161035e+00
4.000000000000000000e+03 1.167539999999181344e+00
5.000000000000000000e+03 1.169639999999195101e+00
6.000000000000000000e+03 1.171189999999205256e+00
7.000000000000000000e+03 1.172389999999213117e+00
8.000000000000000000e+03 1.173359999999219472e+00
9.000000000000000000e+03 1.174159999999224713e+00
1.000000000000000000e+04 1.174829999999229102e+00
1.100000000000000000e+04 1.175409999999232902e+00
1.200000000000000000e+04 1.175919999999236243e+00
1.300000000000000000e+04 1.176359999999239125e+00
1.400000000000000000e+04 1.176759999999241746e+00
1.500000000000000000e+04 1.177109999999244039e+00
1.600000000000000000e+04 1.177429999999246135e+00
1.700000000000000000e+04 1.177729999999248101e+00
1.800000000000000000e+04 1.177989999999249804e+00
1.900000000000000000e+04 1.178239999999251442e+00
2.000000000000000000e+04 1.178469999999252948e+00
2.100000000000000000e+04 1.178679999999254324e+00
2.200000000000000000e+04 1.178869999999255569e+00
2.300000000000000000e+04 1.179059999999256814e+00
2.400000000000000000e+04 1.179229999999257927e+00
2.500000000000000000e+04 1.179389999999258976e+00
2.600000000000000000e+04 1.179539999999259958e+00
2.700000000000000000e+04 1.179679999999260875e+00
2.800000000000000000e+04 1.179819999999261793e+00
2.900000000000000000e+04 1.179949999999262644e+00
3.000000000000000000e+04 1.180069999999263430e+00
3.100000000000000000e+04 1.180179999999264151e+00
3.200000000000000000e+04 1.180289999999264872e+00
3.300000000000000000e+04 1.180399999999265592e+00
3.400000000000000000e+04 1.180499999999266247e+00
3.500000000000000000e+04 1.180589999999266837e+00
3.600000000000000000e+04 1.180689999999267492e+00
3.700000000000000000e+04 1.180769999999268016e+00
3.800000000000000000e+04 1.180859999999268606e+00
3.900000000000000000e+04 1.180939999999269130e+00
4.000000000000000000e+04 1.181019999999269654e+00
4.100000000000000000e+04 1.181089999999270113e+00
4.200000000000000000e+04 1.181169999999270637e+00
4.300000000000000000e+04 1.181239999999271095e+00
4.400000000000000000e+04 1.181299999999271488e+00
4.500000000000000000e+04 1.181369999999271947e+00
4.600000000000000000e+04 1.181429999999272340e+00
4.700000000000000000e+04 1.181489999999272733e+00
4.800000000000000000e+04 1.181549999999273126e+00
4.900000000000000000e+04 1.181609999999273519e+00
5.000000000000000000e+04 1.181669999999273912e+00
5.100000000000000000e+04 1.181719999999274240e+00
5.200000000000000000e+04 1.181769999999274567e+00
5.300000000000000000e+04 1.181819999999274895e+00
5.400000000000000000e+04 1.181869999999275223e+00
5.500000000000000000e+04 1.181919999999275550e+00
5.600000000000000000e+04 1.181969999999275878e+00
5.700000000000000000e+04 1.182009999999276140e+00
5.800000000000000000e+04 1.182059999999276467e+00
5.900000000000000000e+04 1.182099999999276729e+00
6.000000000000000000e+04 1.182139999999276991e+00
6.100000000000000000e+04 1.182179999999277253e+00
6.200000000000000000e+04 1.182219999999277515e+00
6.300000000000000000e+04 1.182259999999277778e+00
6.400000000000000000e+04 1.182299999999278040e+00
6.500000000000000000e+04 1.182339999999278302e+00
6.600000000000000000e+04 1.182379999999278564e+00
6.700000000000000000e+04 1.182409999999278760e+00
6.800000000000000000e+04 1.182449999999279022e+00
6.900000000000000000e+04 1.182479999999279219e+00
7.000000000000000000e+04 1.182509999999279415e+00
7.100000000000000000e+04 1.182549999999279677e+00
7.200000000000000000e+04 1.182579999999279874e+00
7.300000000000000000e+04 1.182609999999280070e+00
7.400000000000000000e+04 1.182639999999280267e+00
7.500000000000000000e+04 1.182669999999280463e+00
7.600000000000000000e+04 1.182699999999280660e+00
7.700000000000000000e+04 1.182729999999280857e+00
7.800000000000000000e+04 1.182759999999281053e+00
7.900000000000000000e+04 1.182779999999281184e+00
8.000000000000000000e+04 1.182809999999281381e+00
8.100000000000000000e+04 1.182839999999281577e+00
8.200000000000000000e+04 1.182859999999281708e+00
8.300000000000000000e+04 1.182889999999281905e+00
8.400000000000000000e+04 1.182919999999282101e+00
8.500000000000000000e+04 1.182939999999282232e+00
8.600000000000000000e+04 1.182959999999282363e+00
8.700000000000000000e+04 1.182989999999282560e+00
8.800000000000000000e+04 1.183009999999282691e+00
8.900000000000000000e+04 1.183039999999282887e+00
9.000000000000000000e+04 1.183059999999283018e+00
9.100000000000000000e+04 1.183079999999283149e+00
9.200000000000000000e+04 1.183099999999283281e+00
9.300000000000000000e+04 1.183119999999283412e+00
9.400000000000000000e+04 1.183149999999283608e+00
9.500000000000000000e+04 1.183169999999283739e+00
9.600000000000000000e+04 1.183189999999283870e+00
9.700000000000000000e+04 1.183209999999284001e+00
9.800000000000000000e+04 1.183229999999284132e+00
9.900000000000000000e+04 1.183249999999284263e+00
1.000000000000000000e+05 1.183269999999284394e+00
1.010000000000000000e+05 1.183289999999284525e+00
1.020000000000000000e+05 1.183299999999284591e+00
1.030000000000000000e+05 1.183319999999284722e+00
1.040000000000000000e+05 1.183339999999284853e+00
1.050000000000000000e+05 1.183359999999284984e+00
1.060000000000000000e+05 1.183379999999285115e+00
1.070000000000000000e+05 1.183399999999285246e+00
1.080000000000000000e+05 1.183409999999285311e+00
1.090000000000000000e+05 1.183429999999285442e+00
1.100000000000000000e+05 1.183449999999285573e+00
1.110000000000000000e+05 1.183459999999285639e+00
1.120000000000000000e+05 1.183479999999285770e+00
1.130000000000000000e+05 1.183499999999285901e+00
1.140000000000000000e+05 1.183509999999285967e+00
1.150000000000000000e+05 1.183529999999286098e+00
1.160000000000000000e+05 1.183539999999286163e+00
1.170000000000000000e+05 1.183559999999286294e+00
1.180000000000000000e+05 1.183569999999286360e+00
1.190000000000000000e+05 1.183589999999286491e+00
1.200000000000000000e+05 1.183599999999286556e+00
1.210000000000000000e+05 1.183619999999286687e+00
1.220000000000000000e+05 1.183629999999286753e+00
1.230000000000000000e+05 1.183649999999286884e+00
1.240000000000000000e+05 1.183659999999286949e+00
1.250000000000000000e+05 1.183669999999287015e+00
1.260000000000000000e+05 1.183689999999287146e+00
1.270000000000000000e+05 1.183699999999287211e+00
1.280000000000000000e+05 1.183709999999287277e+00
1.290000000000000000e+05 1.183729999999287408e+00
1.300000000000000000e+05 1.183739999999287473e+00
1.310000000000000000e+05 1.183749999999287539e+00
1.320000000000000000e+05 1.183769999999287670e+00
1.330000000000000000e+05 1.183779999999287735e+00
1.340000000000000000e+05 1.183789999999287801e+00
1.350000000000000000e+05 1.183799999999287866e+00
1.360000000000000000e+05 1.183819999999287997e+00
1.370000000000000000e+05 1.183829999999288063e+00
1.380000000000000000e+05 1.183839999999288128e+00
1.390000000000000000e+05 1.183849999999288194e+00
1.400000000000000000e+05 1.183859999999288259e+00
1.410000000000000000e+05 1.183869999999288325e+00
1.420000000000000000e+05 1.183889999999288456e+00
1.430000000000000000e+05 1.183899999999288521e+00
1.440000000000000000e+05 1.183909999999288587e+00
1.450000000000000000e+05 1.183919999999288653e+00
1.460000000000000000e+05 1.183929999999288718e+00
1.470000000000000000e+05 1.183939999999288784e+00
1.480000000000000000e+05 1.183949999999288849e+00
1.490000000000000000e+05 1.183959999999288915e+00
1.500000000000000000e+05 1.183969999999288980e+00
1.510000000000000000e+05 1.183979999999289046e+00
1.520000000000000000e+05 1.183989999999289111e+00
1.530000000000000000e+05 1.183999999999289177e+00
1.540000000000000000e+05 1.184009999999289242e+00
1.550000000000000000e+05 1.184019999999289308e+00
1.560000000000000000e+05 1.184029999999289373e+00
1.570000000000000000e+05 1.184039999999289439e+00
1.580000000000000000e+05 1.184049999999289504e+00
1.590000000000000000e+05 1.184059999999289570e+00
1.600000000000000000e+05 1.184069999999289635e+00
1.610000000000000000e+05 1.184079999999289701e+00
1.620000000000000000e+05 1.184089999999289766e+00
1.630000000000000000e+05 1.184099999999289832e+00
1.640000000000000000e+05 1.184109999999289897e+00
1.650000000000000000e+05 1.184119999999289963e+00
1.660000000000000000e+05 1.184129999999290028e+00
1.670000000000000000e+05 1.184139999999290094e+00
1.680000000000000000e+05 1.184149999999290159e+00
1.690000000000000000e+05 1.184159999999290225e+00
1.700000000000000000e+05 1.184159999999290225e+00
1.710000000000000000e+05 1.184169999999290290e+00
1.720000000000000000e+05 1.184179999999290356e+00
1.730000000000000000e+05 1.184189999999290421e+00
1.740000000000000000e+05 1.184199999999290487e+00
1.750000000000000000e+05 1.184209999999290552e+00
1.760000000000000000e+05 1.184209999999290552e+00
1.770000000000000000e+05 1.184219999999290618e+00
1.780000000000000000e+05 1.184229999999290683e+00
1.790000000000000000e+05 1.184239999999290749e+00
1.800000000000000000e+05 1.184249999999290814e+00
1.810000000000000000e+05 1.184249999999290814e+00
1.820000000000000000e+05 1.184259999999290880e+00
1.830000000000000000e+05 1.184269999999290945e+00
1.840000000000000000e+05 1.184279999999291011e+00
1.850000000000000000e+05 1.184289999999291076e+00
1.860000000000000000e+05 1.184289999999291076e+00
1.870000000000000000e+05 1.184299999999291142e+00
1.880000000000000000e+05 1.184309999999291207e+00
1.890000000000000000e+05 1.184319999999291273e+00
1.900000000000000000e+05 1.184319999999291273e+00
1.910000000000000000e+05 1.184329999999291338e+00
1.920000000000000000e+05 1.184339999999291404e+00
1.930000000000000000e+05 1.184349999999291470e+00
1.940000000000000000e+05 1.184349999999291470e+00
1.950000000000000000e+05 1.184359999999291535e+00
1.960000000000000000e+05 1.184369999999291601e+00
1.970000000000000000e+05 1.184369999999291601e+00
1.980000000000000000e+05 1.184379999999291666e+00
1.990000000000000000e+05 1.184389999999291732e+00
2.000000000000000000e+05 1.184389999999291732e+00
2.010000000000000000e+05 1.184399999999291797e+00
2.020000000000000000e+05 1.184409999999291863e+00
2.030000000000000000e+05 1.184409999999291863e+00
2.040000000000000000e+05 1.184419999999291928e+00
2.050000000000000000e+05 1.184429999999291994e+00
2.060000000000000000e+05 1.184429999999291994e+00
2.070000000000000000e+05 1.184439999999292059e+00
2.080000000000000000e+05 1.184449999999292125e+00
2.090000000000000000e+05 1.184449999999292125e+00
2.100000000000000000e+05 1.184459999999292190e+00
2.110000000000000000e+05 1.184469999999292256e+00
2.120000000000000000e+05 1.184469999999292256e+00
2.130000000000000000e+05 1.184479999999292321e+00
2.140000000000000000e+05 1.184479999999292321e+00
2.150000000000000000e+05 1.184489999999292387e+00
2.160000000000000000e+05 1.184499999999292452e+00
2.170000000000000000e+05 1.184499999999292452e+00
2.180000000000000000e+05 1.184509999999292518e+00
2.190000000000000000e+05 1.184509999999292518e+00
2.200000000000000000e+05 1.184519999999292583e+00
2.210000000000000000e+05 1.184529999999292649e+00
2.220000000000000000e+05 1.184529999999292649e+00
2.230000000000000000e+05 1.184539999999292714e+00
2.240000000000000000e+05 1.184539999999292714e+00
2.250000000000000000e+05 1.184549999999292780e+00
2.260000000000000000e+05 1.184549999999292780e+00
2.270000000000000000e+05 1.184559999999292845e+00
2.280000000000000000e+05 1.184569999999292911e+00
2.290000000000000000e+05 1.184569999999292911e+00
2.300000000000000000e+05 1.184579999999292976e+00
2.310000000000000000e+05 1.184579999999292976e+00
2.320000000000000000e+05 1.184589999999293042e+00
2.330000000000000000e+05 1.184589999999293042e+00
2.340000000000000000e+05 1.184599999999293107e+00
2.350000000000000000e+05 1.184599999999293107e+00
2.360000000000000000e+05 1.184609999999293173e+00
2.370000000000000000e+05 1.184609999999293173e+00
2.380000000000000000e+05 1.184619999999293238e+00
2.390000000000000000e+05 1.184629999999293304e+00
2.400000000000000000e+05 1.184629999999293304e+00
2.410000000000000000e+05 1.184639999999293369e+00
2.420000000000000000e+05 1.184639999999293369e+00
2.430000000000000000e+05 1.184649999999293435e+00
2.440000000000000000e+05 1.184649999999293435e+00
2.450000000000000000e+05 1.184659999999293500e+00
2.460000000000000000e+05 1.184659999999293500e+00
2.470000000000000000e+05 1.184669999999293566e+00
2.480000000000000000e+05 1.184669999999293566e+00
2.490000000000000000e+05 1.184679999999293631e+00
2.500000000000000000e+05 1.184679999999293631e+00
2.510000000000000000e+05 1.184689999999293697e+00
2.520000000000000000e+05 1.184689999999293697e+00
2.530000000000000000e+05 1.184689999999293697e+00
2.540000000000000000e+05 1.184699999999293762e+00
2.550000000000000000e+05 1.184699999999293762e+00
2.560000000000000000e+05 1.184709999999293828e+00
2.570000000000000000e+05 1.184709999999293828e+00
2.580000000000000000e+05 1.184719999999293893e+00
2.590000000000000000e+05 1.184719999999293893e+00
2.600000000000000000e+05 1.184729999999293959e+00
2.610000000000000000e+05 1.184729999999293959e+00
2.620000000000000000e+05 1.184739999999294024e+00
2.630000000000000000e+05 1.184739999999294024e+00
2.640000000000000000e+05 1.184749999999294090e+00
2.650000000000000000e+05 1.184749999999294090e+00
2.660000000000000000e+05 1.184749999999294090e+00
2.670000000000000000e+05 1.184759999999294156e+00
2.680000000000000000e+05 1.184759999999294156e+00
2.690000000000000000e+05 1.184769999999294221e+00
2.700000000000000000e+05 1.184769999999294221e+00
2.710000000000000000e+05 1.184779999999294287e+00
2.720000000000000000e+05 1.184779999999294287e+00
2.730000000000000000e+05 1.184779999999294287e+00
2.740000000000000000e+05 1.184789999999294352e+00
2.750000000000000000e+05 1.184789999999294352e+00
2.760000000000000000e+05 1.184799999999294418e+00
2.770000000000000000e+05 1.184799999999294418e+00
2.780000000000000000e+05 1.184809999999294483e+00
2.790000000000000000e+05 1.184809999999294483e+00
2.800000000000000000e+05 1.184809999999294483e+00
2.810000000000000000e+05 1.184819999999294549e+00
2.820000000000000000e+05 1.184819999999294549e+00
2.830000000000000000e+05 1.184829999999294614e+00
2.840000000000000000e+05 1.184829999999294614e+00
2.850000000000000000e+05 1.184829999999294614e+00
2.860000000000000000e+05 1.184839999999294680e+00
2.870000000000000000e+05 1.184839999999294680e+00
2.880000000000000000e+05 1.184849999999294745e+00
2.890000000000000000e+05 1.184849999999294745e+00
2.900000000000000000e+05 1.184849999999294745e+00
2.910000000000000000e+05 1.184859999999294811e+00
2.920000000000000000e+05 1.184859999999294811e+00
2.930000000000000000e+05 1.184869999999294876e+00
2.940000000000000000e+05 1.184869999999294876e+00
2.950000000000000000e+05 1.184869999999294876e+00
2.960000000000000000e+05 1.184879999999294942e+00
2.970000000000000000e+05 1.184879999999294942e+00
2.980000000000000000e+05 1.184879999999294942e+00
2.990000000000000000e+05 1.184889999999295007e+00
3.000000000000000000e+05 1.184889999999295007e+00
3.010000000000000000e+05 1.184899999999295073e+00
3.020000000000000000e+05 1.184899999999295073e+00
3.030000000000000000e+05 1.184899999999295073e+00
3.040000000000000000e+05 1.184909999999295138e+00
3.050000000000000000e+05 1.184909999999295138e+00
3.060000000000000000e+05 1.184909999999295138e+00
3.070000000000000000e+05 1.184919999999295204e+00
3.080000000000000000e+05 1.184919999999295204e+00
3.090000000000000000e+05 1.184919999999295204e+00
3.100000000000000000e+05 1.184929999999295269e+00
3.110000000000000000e+05 1.184929999999295269e+00
3.120000000000000000e+05 1.184929999999295269e+00
3.130000000000000000e+05 1.184939999999295335e+00
3.140000000000000000e+05 1.184939999999295335e+00
3.150000000000000000e+05 1.184949999999295400e+00
3.160000000000000000e+05 1.184949999999295400e+00
3.170000000000000000e+05 1.184949999999295400e+00
3.180000000000000000e+05 1.184959999999295466e+00
3.190000000000000000e+05 1.184959999999295466e+00
3.200000000000000000e+05 1.184959999999295466e+00
3.210000000000000000e+05 1.184969999999295531e+00
3.220000000000000000e+05 1.184969999999295531e+00
3.230000000000000000e+05 1.184969999999295531e+00
3.240000000000000000e+05 1.184979999999295597e+00
3.250000000000000000e+05 1.184979999999295597e+00
3.260000000000000000e+05 1.184979999999295597e+00
3.270000000000000000e+05 1.184989999999295662e+00
3.280000000000000000e+05 1.184989999999295662e+00
3.290000000000000000e+05 1.184989999999295662e+00
3.300000000000000000e+05 1.184989999999295662e+00
3.310000000000000000e+05 1.184999999999295728e+00
3.320000000000000000e+05 1.184999999999295728e+00
3.330000000000000000e+05 1.184999999999295728e+00
3.340000000000000000e+05 1.185009999999295793e+00
3.350000000000000000e+05 1.185009999999295793e+00
3.360000000000000000e+05 1.185009999999295793e+00
3.370000000000000000e+05 1.185019999999295859e+00
3.380000000000000000e+05 1.185019999999295859e+00
3.390000000000000000e+05 1.185019999999295859e+00
3.400000000000000000e+05 1.185029999999295924e+00
3.410000000000000000e+05 1.185029999999295924e+00
3.420000000000000000e+05 1.185029999999295924e+00
3.430000000000000000e+05 1.185039999999295990e+00
3.440000000000000000e+05 1.185039999999295990e+00
3.450000000000000000e+05 1.185039999999295990e+00
3.460000000000000000e+05 1.185039999999295990e+00
3.470000000000000000e+05 1.185049999999296055e+00
3.480000000000000000e+05 1.185049999999296055e+00
3.490000000000000000e+05 1.185049999999296055e+00
3.500000000000000000e+05 1.185059999999296121e+00
3.510000000000000000e+05 1.185059999999296121e+00
3.520000000000000000e+05 1.185059999999296121e+00
3.530000000000000000e+05 1.185059999999296121e+00
3.540000000000000000e+05 1.185069999999296186e+00
3.550000000000000000e+05 1.185069999999296186e+00
3.560000000000000000e+05 1.185069999999296186e+00
3.570000000000000000e+05 1.185079999999296252e+00
3.580000000000000000e+05 1.185079999999296252e+00
3.590000000000000000e+05 1.185079999999296252e+00
3.600000000000000000e+05 1.185079999999296252e+00
3.610000000000000000e+05 1.185089999999296317e+00
3.620000000000000000e+05 1.185089999999296317e+00
3.630000000000000000e+05 1.185089999999296317e+00
3.640000000000000000e+05 1.185099999999296383e+00
3.650000000000000000e+05 1.185099999999296383e+00
3.660000000000000000e+05 1.185099999999296383e+00
3.670000000000000000e+05 1.185099999999296383e+00
3.680000000000000000e+05 1.185109999999296448e+00
3.690000000000000000e+05 1.185109999999296448e+00
3.700000000000000000e+05 1.185109999999296448e+00
3.710000000000000000e+05 1.185109999999296448e+00
3.720000000000000000e+05 1.185119999999296514e+00
3.730000000000000000e+05 1.185119999999296514e+00
3.740000000000000000e+05 1.185119999999296514e+00
3.750000000000000000e+05 1.185129999999296579e+00
3.760000000000000000e+05 1.185129999999296579e+00
3.770000000000000000e+05 1.185129999999296579e+00
3.780000000000000000e+05 1.185129999999296579e+00
3.790000000000000000e+05 1.185139999999296645e+00
3.800000000000000000e+05 1.185139999999296645e+00
3.810000000000000000e+05 1.185139999999296645e+00
3.820000000000000000e+05 1.185139999999296645e+00
3.830000000000000000e+05 1.185149999999296710e+00
3.840000000000000000e+05 1.185149999999296710e+00
3.850000000000000000e+05 1.185149999999296710e+00
3.860000000000000000e+05 1.185149999999296710e+00
3.870000000000000000e+05 1.185159999999296776e+00
3.880000000000000000e+05 1.185159999999296776e+00
3.890000000000000000e+05 1.185159999999296776e+00
3.900000000000000000e+05 1.185159999999296776e+00
3.910000000000000000e+05 1.185169999999296842e+00
3.920000000000000000e+05 1.185169999999296842e+00
3.930000000000000000e+05 1.185169999999296842e+00
3.940000000000000000e+05 1.185169999999296842e+00
3.950000000000000000e+05 1.185179999999296907e+00
3.960000000000000000e+05 1.185179999999296907e+00
3.970000000000000000e+05 1.185179999999296907e+00
3.980000000000000000e+05 1.185179999999296907e+00
3.990000000000000000e+05 1.185189999999296973e+00
4.000000000000000000e+05 1.185189999999296973e+00
4.010000000000000000e+05 1.185189999999296973e+00
4.020000000000000000e+05 1.185189999999296973e+00
4.030000000000000000e+05 1.185199999999297038e+00
4.040000000000000000e+05 1.185199999999297038e+00
4.050000000000000000e+05 1.185199999999297038e+00
4.060000000000000000e+05 1.185199999999297038e+00
4.070000000000000000e+05 1.185199999999297038e+00
4.080000000000000000e+05 1.185209999999297104e+00
4.090000000000000000e+05 1.185209999999297104e+00
4.100000000000000000e+05 1.185209999999297104e+00
4.110000000000000000e+05 1.185209999999297104e+00
4.120000000000000000e+05 1.185219999999297169e+00
4.130000000000000000e+05 1.185219999999297169e+00
4.140000000000000000e+05 1.185219999999297169e+00
4.150000000000000000e+05 1.185219999999297169e+00
4.160000000000000000e+05 1.185229999999297235e+00
4.170000000000000000e+05 1.185229999999297235e+00
4.180000000000000000e+05 1.185229999999297235e+00
4.190000000000000000e+05 1.185229999999297235e+00
4.200000000000000000e+05 1.185229999999297235e+00
4.210000000000000000e+05 1.185239999999297300e+00
4.220000000000000000e+05 1.185239999999297300e+00
4.230000000000000000e+05 1.185239999999297300e+00
4.240000000000000000e+05 1.185239999999297300e+00
4.250000000000000000e+05 1.185249999999297366e+00
4.260000000000000000e+05 1.185249999999297366e+00
4.270000000000000000e+05 1.185249999999297366e+00
4.280000000000000000e+05 1.185249999999297366e+00
4.290000000000000000e+05 1.185249999999297366e+00
4.300000000000000000e+05 1.185259999999297431e+00
4.310000000000000000e+05 1.185259999999297431e+00
4.320000000000000000e+05 1.185259999999297431e+00
4.330000000000000000e+05 1.185259999999297431e+00
4.340000000000000000e+05 1.185259999999297431e+00
4.350000000000000000e+05 1.185269999999297497e+00
4.360000000000000000e+05 1.185269999999297497e+00
4.370000000000000000e+05 1.185269999999297497e+00
4.380000000000000000e+05 1.185269999999297497e+00
4.390000000000000000e+05 1.185279999999297562e+00
4.400000000000000000e+05 1.185279999999297562e+00
4.410000000000000000e+05 1.185279999999297562e+00
4.420000000000000000e+05 1.185279999999297562e+00
4.430000000000000000e+05 1.185279999999297562e+00
4.440000000000000000e+05 1.185289999999297628e+00
4.450000000000000000e+05 1.185289999999297628e+00
4.460000000000000000e+05 1.185289999999297628e+00
4.470000000000000000e+05 1.185289999999297628e+00
4.480000000000000000e+05 1.185289999999297628e+00
4.490000000000000000e+05 1.185299999999297693e+00
4.500000000000000000e+05 1.185299999999297693e+00
4.510000000000000000e+05 1.185299999999297693e+00
4.520000000000000000e+05 1.185299999999297693e+00
4.530000000000000000e+05 1.185299999999297693e+00
4.540000000000000000e+05 1.185309999999297759e+00
4.550000000000000000e+05 1.185309999999297759e+00
4.560000000000000000e+05 1.185309999999297759e+00
4.570000000000000000e+05 1.185309999999297759e+00
4.580000000000000000e+05 1.185309999999297759e+00
4.590000000000000000e+05 1.185319999999297824e+00
4.600000000000000000e+05 1.185319999999297824e+00
4.610000000000000000e+05 1.185319999999297824e+00
4.620000000000000000e+05 1.185319999999297824e+00
4.630000000000000000e+05 1.185319999999297824e+00
4.640000000000000000e+05 1.185329999999297890e+00
4.650000000000000000e+05 1.185329999999297890e+00
4.660000000000000000e+05 1.185329999999297890e+00
4.670000000000000000e+05 1.185329999999297890e+00
4.680000000000000000e+05 1.185329999999297890e+00
4.690000000000000000e+05 1.185329999999297890e+00
4.700000000000000000e+05 1.185339999999297955e+00
4.710000000000000000e+05 1.185339999999297955e+00
4.720000000000000000e+05 1.185339999999297955e+00
4.730000000000000000e+05 1.185339999999297955e+00
4.740000000000000000e+05 1.185339999999297955e+00
4.750000000000000000e+05 1.185349999999298021e+00
4.760000000000000000e+05 1.185349999999298021e+00
4.770000000000000000e+05 1.185349999999298021e+00
4.780000000000000000e+05 1.185349999999298021e+00
4.790000000000000000e+05 1.185349999999298021e+00
4.800000000000000000e+05 1.185359999999298086e+00
4.810000000000000000e+05 1.185359999999298086e+00
4.820000000000000000e+05 1.185359999999298086e+00
4.830000000000000000e+05 1.185359999999298086e+00
4.840000000000000000e+05 1.185359999999298086e+00
4.850000000000000000e+05 1.185359999999298086e+00
4.860000000000000000e+05 1.185369999999298152e+00
4.870000000000000000e+05 1.185369999999298152e+00
4.880000000000000000e+05 1.185369999999298152e+00
4.890000000000000000e+05 1.185369999999298152e+00
4.900000000000000000e+05 1.185369999999298152e+00
4.910000000000000000e+05 1.185369999999298152e+00
4.920000000000000000e+05 1.185379999999298217e+00
4.930000000000000000e+05 1.185379999999298217e+00
4.940000000000000000e+05 1.185379999999298217e+00
4.950000000000000000e+05 1.185379999999298217e+00
4.960000000000000000e+05 1.185379999999298217e+00
4.970000000000000000e+05 1.185389999999298283e+00
4.980000000000000000e+05 1.185389999999298283e+00
4.990000000000000000e+05 1.185389999999298283e+00
5.000000000000000000e+05 1.185389999999298283e+00
5.010000000000000000e+05 1.185389999999298283e+00
5.020000000000000000e+05 1.185389999999298283e+00
5.030000000000000000e+05 1.185399999999298348e+00
5.040000000000000000e+05 1.185399999999298348e+00
5.050000000000000000e+05 1.185399999999298348e+00
5.060000000000000000e+05 1.185399999999298348e+00
5.070000000000000000e+05 1.185399999999298348e+00
5.080000000000000000e+05 1.185399999999298348e+00
5.090000000000000000e+05 1.185409999999298414e+00
5.100000000000000000e+05 1.185409999999298414e+00
5.110000000000000000e+05 1.185409999999298414e+00
5.120000000000000000e+05 1.185409999999298414e+00
5.130000000000000000e+05 1.185409999999298414e+00
5.140000000000000000e+05 1.185409999999298414e+00
5.150000000000000000e+05 1.185419999999298479e+00
5.160000000000000000e+05 1.185419999999298479e+00
5.170000000000000000e+05 1.185419999999298479e+00
5.180000000000000000e+05 1.185419999999298479e+00
5.190000000000000000e+05 1.185419999999298479e+00
5.200000000000000000e+05 1.185419999999298479e+00
5.210000000000000000e+05 1.185429999999298545e+00
5.220000000000000000e+05 1.185429999999298545e+00
5.230000000000000000e+05 1.185429999999298545e+00
5.240000000000000000e+05 1.185429999999298545e+00
5.250000000000000000e+05 1.185429999999298545e+00
5.260000000000000000e+05 1.185429999999298545e+00
5.270000000000000000e+05 1.185429999999298545e+00
5.280000000000000000e+05 1.185439999999298610e+00
5.290000000000000000e+05 1.185439999999298610e+00
5.300000000000000000e+05 1.185439999999298610e+00
5.310000000000000000e+05 1.185439999999298610e+00
5.320000000000000000e+05 1.185439999999298610e+00
5.330000000000000000e+05 1.185439999999298610e+00
5.340000000000000000e+05 1.185449999999298676e+00
5.350000000000000000e+05 1.185449999999298676e+00
5.360000000000000000e+05 1.185449999999298676e+00
5.370000000000000000e+05 1.185449999999298676e+00
5.380000000000000000e+05 1.185449999999298676e+00
5.390000000000000000e+05 1.185449999999298676e+00
5.400000000000000000e+05 1.185459999999298741e+00
5.410000000000000000e+05 1.185459999999298741e+00
5.420000000000000000e+05 1.185459999999298741e+00
5.430000000000000000e+05 1.185459999999298741e+00
5.440000000000000000e+05 1.185459999999298741e+00
5.450000000000000000e+05 1.185459999999298741e+00
5.460000000000000000e+05 1.185459999999298741e+00
5.470000000000000000e+05 1.185469999999298807e+00
5.480000000000000000e+05 1.185469999999298807e+00
5.490000000000000000e+05 1.185469999999298807e+00
5.500000000000000000e+05 1.185469999999298807e+00
5.510000000000000000e+05 1.185469999999298807e+00
5.520000000000000000e+05 1.185469999999298807e+00
5.530000000000000000e+05 1.185469999999298807e+00
5.540000000000000000e+05 1.185479999999298872e+00
5.550000000000000000e+05 1.185479999999298872e+00
5.560000000000000000e+05 1.185479999999298872e+00
5.570000000000000000e+05 1.185479999999298872e+00
5.580000000000000000e+05 1.185479999999298872e+00
5.590000000000000000e+05 1.185479999999298872e+00
5.600000000000000000e+05 1.185479999999298872e+00
5.610000000000000000e+05 1.185489999999298938e+00
5.620000000000000000e+05 1.185489999999298938e+00
5.630000000000000000e+05 1.185489999999298938e+00
5.640000000000000000e+05 1.185489999999298938e+00
5.650000000000000000e+05 1.185489999999298938e+00
5.660000000000000000e+05 1.185489999999298938e+00
5.670000000000000000e+05 1.185489999999298938e+00
5.680000000000000000e+05 1.185499999999299003e+00
5.690000000000000000e+05 1.185499999999299003e+00
5.700000000000000000e+05 1.185499999999299003e+00
5.710000000000000000e+05 1.185499999999299003e+00
5.720000000000000000e+05 1.185499999999299003e+00
5.730000000000000000e+05 1.185499999999299003e+00
5.740000000000000000e+05 1.185499999999299003e+00
5.750000000000000000e+05 1.185509999999299069e+00
5.760000000000000000e+05 1.185509999999299069e+00
5.770000000000000000e+05 1.185509999999299069e+00
5.780000000000000000e+05 1.185509999999299069e+00
5.790000000000000000e+05 1.185509999999299069e+00
5.800000000000000000e+05 1.185509999999299069e+00
5.810000000000000000e+05 1.185509999999299069e+00
5.820000000000000000e+05 1.185519999999299134e+00
5.830000000000000000e+05 1.185519999999299134e+00
5.840000000000000000e+05 1.185519999999299134e+00
5.850000000000000000e+05 1.185519999999299134e+00
5.860000000000000000e+05 1.185519999999299134e+00
5.870000000000000000e+05 1.185519999999299134e+00
5.880000000000000000e+05 1.185519999999299134e+00
5.890000000000000000e+05 1.185529999999299200e+00
5.900000000000000000e+05 1.185529999999299200e+00
5.910000000000000000e+05 1.185529999999299200e+00
5.920000000000000000e+05 1.185529999999299200e+00
5.930000000000000000e+05 1.185529999999299200e+00
5.940000000000000000e+05 1.185529999999299200e+00
5.950000000000000000e+05 1.185529999999299200e+00
5.960000000000000000e+05 1.185529999999299200e+00
5.970000000000000000e+05 1.185539999999299265e+00
5.980000000000000000e+05 1.185539999999299265e+00
5.990000000000000000e+05 1.185539999999299265e+00
6.000000000000000000e+05 1.185539999999299265e+00
6.010000000000000000e+05 1.185539999999299265e+00
6.020000000000000000e+05 1.185539999999299265e+00
6.030000000000000000e+05 1.185539999999299265e+00
6.040000000000000000e+05 1.185539999999299265e+00
6.050000000000000000e+05 1.185549999999299331e+00
6.060000000000000000e+05 1.185549999999299331e+00
6.070000000000000000e+05 1.185549999999299331e+00
6.080000000000000000e+05 1.185549999999299331e+00
6.090000000000000000e+05 1.185549999999299331e+00
6.100000000000000000e+05 1.185549999999299331e+00
6.110000000000000000e+05 1.185549999999299331e+00
6.120000000000000000e+05 1.185559999999299396e+00
6.130000000000000000e+05 1.185559999999299396e+00
6.140000000000000000e+05 1.185559999999299396e+00
6.150000000000000000e+05 1.185559999999299396e+00
6.160000000000000000e+05 1.185559999999299396e+00
6.170000000000000000e+05 1.185559999999299396e+00
6.180000000000000000e+05 1.185559999999299396e+00
6.190000000000000000e+05 1.185559999999299396e+00
6.200000000000000000e+05 1.185569999999299462e+00
6.210000000000000000e+05 1.185569999999299462e+00
6.220000000000000000e+05 1.185569999999299462e+00
6.230000000000000000e+05 1.185569999999299462e+00
6.240000000000000000e+05 1.185569999999299462e+00
6.250000000000000000e+05 1.185569999999299462e+00
6.260000000000000000e+05 1.185569999999299462e+00
6.270000000000000000e+05 1.185569999999299462e+00
6.280000000000000000e+05 1.185569999999299462e+00
6.290000000000000000e+05 1.185579999999299528e+00
6.300000000000000000e+05 1.185579999999299528e+00
6.310000000000000000e+05 1.185579999999299528e+00
6.320000000000000000e+05 1.185579999999299528e+00
6.330000000000000000e+05 1.185579999999299528e+00
6.340000000000000000e+05 1.185579999999299528e+00
6.350000000000000000e+05 1.185579999999299528e+00
6.360000000000000000e+05 1.185579999999299528e+00
6.370000000000000000e+05 1.185589999999299593e+00
6.380000000000000000e+05 1.185589999999299593e+00
6.390000000000000000e+05 1.185589999999299593e+00
6.400000000000000000e+05 1.185589999999299593e+00
6.410000000000000000e+05 1.185589999999299593e+00
6.420000000000000000e+05 1.185589999999299593e+00
6.430000000000000000e+05 1.185589999999299593e+00
6.440000000000000000e+05 1.185589999999299593e+00
6.450000000000000000e+05 1.185599999999299659e+00
6.460000000000000000e+05 1.185599999999299659e+00
6.470000000000000000e+05 1.185599999999299659e+00
6.480000000000000000e+05 1.185599999999299659e+00
6.490000000000000000e+05 1.185599999999299659e+00
6.500000000000000000e+05 1.185599999999299659e+00
6.510000000000000000e+05 1.185599999999299659e+00
6.520000000000000000e+05 1.185599999999299659e+00
6.530000000000000000e+05 1.185599999999299659e+00
6.540000000000000000e+05 1.185609999999299724e+00
6.550000000000000000e+05 1.185609999999299724e+00
6.560000000000000000e+05 1.185609999999299724e+00
6.570000000000000000e+05 1.185609999999299724e+00
6.580000000000000000e+05 1.185609999999299724e+00
6.590000000000000000e+05 1.185609999999299724e+00
6.600000000000000000e+05 1.185609999999299724e+00
6.610000000000000000e+05 1.185609999999299724e+00
6.620000000000000000e+05 1.185609999999299724e+00
6.630000000000000000e+05 1.185619999999299790e+00
6.640000000000000000e+05 1.185619999999299790e+00
6.650000000000000000e+05 1.185619999999299790e+00
6.660000000000000000e+05 1.185619999999299790e+00
6.670000000000000000e+05 1.185619999999299790e+00
6.680000000000000000e+05 1.185619999999299790e+00
6.690000000000000000e+05 1.185619999999299790e+00
6.700000000000000000e+05 1.185619999999299790e+00
6.710000000000000000e+05 1.185619999999299790e+00
6.720000000000000000e+05 1.185629999999299855e+00
6.730000000000000000e+05 1.185629999999299855e+00
6.740000000000000000e+05 1.185629999999299855e+00
6.750000000000000000e+05 1.185629999999299855e+00
6.760000000000000000e+05 1.185629999999299855e+00
6.770000000000000000e+05 1.185629999999299855e+00
6.780000000000000000e+05 1.185629999999299855e+00
6.790000000000000000e+05 1.185629999999299855e+00
6.800000000000000000e+05 1.185629999999299855e+00
6.810000000000000000e+05 1.185639999999299921e+00
6.820000000000000000e+05 1.185639999999299921e+00
6.830000000000000000e+05 1.185639999999299921e+00
6.840000000000000000e+05 1.185639999999299921e+00
6.850000000000000000e+05 1.185639999999299921e+00
6.860000000000000000e+05 1.185639999999299921e+00
6.870000000000000000e+05 1.185639999999299921e+00
6.880000000000000000e+05 1.185639999999299921e+00
6.890000000000000000e+05 1.185639999999299921e+00
6.900000000000000000e+05 1.185649999999299986e+00
6.910000000000000000e+05 1.185649999999299986e+00
6.920000000000000000e+05 1.185649999999299986e+00
6.930000000000000000e+05 1.185649999999299986e+00
6.940000000000000000e+05 1.185649999999299986e+00
6.950000000000000000e+05 1.185649999999299986e+00
6.960000000000000000e+05 1.185649999999299986e+00
6.970000000000000000e+05 1.185649999999299986e+00
6.980000000000000000e+05 1.185649999999299986e+00
6.990000000000000000e+05 1.185649999999299986e+00
7.000000000000000000e+05 1.185659999999300052e+00
7.010000000000000000e+05 1.185659999999300052e+00
7.020000000000000000e+05 1.185659999999300052e+00
7.030000000000000000e+05 1.185659999999300052e+00
7.040000000000000000e+05 1.185659999999300052e+00
7.050000000000000000e+05 1.185659999999300052e+00
7.060000000000000000e+05 1.185659999999300052e+00
7.070000000000000000e+05 1.185659999999300052e+00
7.080000000000000000e+05 1.185659999999300052e+00
7.090000000000000000e+05 1.185659999999300052e+00
7.100000000000000000e+05 1.185669999999300117e+00
7.110000000000000000e+05 1.185669999999300117e+00
7.120000000000000000e+05 1.185669999999300117e+00
7.130000000000000000e+05 1.185669999999300117e+00
7.140000000000000000e+05 1.185669999999300117e+00
7.150000000000000000e+05 1.185669999999300117e+00
7.160000000000000000e+05 1.185669999999300117e+00
7.170000000000000000e+05 1.185669999999300117e+00
7.180000000000000000e+05 1.185669999999300117e+00
7.190000000000000000e+05 1.185669999999300117e+00
7.200000000000000000e+05 1.185679999999300183e+00
7.210000000000000000e+05 1.185679999999300183e+00
7.220000000000000000e+05 1.185679999999300183e+00
7.230000000000000000e+05 1.185679999999300183e+00
7.240000000000000000e+05 1.185679999999300183e+00
7.250000000000000000e+05 1.185679999999300183e+00
7.260000000000000000e+05 1.185679999999300183e+00
7.270000000000000000e+05 1.185679999999300183e+00
7.280000000000000000e+05 1.185679999999300183e+00
7.290000000000000000e+05 1.185679999999300183e+00
7.300000000000000000e+05 1.185689999999300248e+00
7.310000000000000000e+05 1.185689999999300248e+00
7.320000000000000000e+05 1.185689999999300248e+00
7.330000000000000000e+05 1.185689999999300248e+00
7.340000000000000000e+05 1.185689999999300248e+00
7.350000000000000000e+05 1.185689999999300248e+00
7.360000000000000000e+05 1.185689999999300248e+00
7.370000000000000000e+05 1.185689999999300248e+00
7.380000000000000000e+05 1.185689999999300248e+00
7.390000000000000000e+05 1.185689999999300248e+00
7.400000000000000000e+05 1.185699999999300314e+00
7.410000000000000000e+05 1.185699999999300314e+00
7.420000000000000000e+05 1.185699999999300314e+00
7.430000000000000000e+05 1.185699999999300314e+00
7.440000000000000000e+05 1.185699999999300314e+00
7.450000000000000000e+05 1.185699999999300314e+00
7.460000000000000000e+05 1.185699999999300314e+00
7.470000000000000000e+05 1.185699999999300314e+00
7.480000000000000000e+05 1.185699999999300314e+00
7.490000000000000000e+05 1.185699999999300314e+00
7.500000000000000000e+05 1.185699999999300314e+00
7.510000000000000000e+05 1.185709999999300379e+00
7.520000000000000000e+05 1.185709999999300379e+00
7.530000000000000000e+05 1.185709999999300379e+00
7.540000000000000000e+05 1.185709999999300379e+00
7.550000000000000000e+05 1.185709999999300379e+00
7.560000000000000000e+05 1.185709999999300379e+00
7.570000000000000000e+05 1.185709999999300379e+00
7.580000000000000000e+05 1.185709999999300379e+00
7.590000000000000000e+05 1.185709999999300379e+00
7.600000000000000000e+05 1.185709999999300379e+00
7.610000000000000000e+05 1.185709999999300379e+00
7.620000000000000000e+05 1.185719999999300445e+00
7.630000000000000000e+05 1.185719999999300445e+00
7.640000000000000000e+05 1.185719999999300445e+00
7.650000000000000000e+05 1.185719999999300445e+00
7.660000000000000000e+05 1.185719999999300445e+00
7.670000000000000000e+05 1.185719999999300445e+00
7.680000000000000000e+05 1.185719999999300445e+00
7.690000000000000000e+05 1.185719999999300445e+00
7.700000000000000000e+05 1.185719999999300445e+00
7.710000000000000000e+05 1.185719999999300445e+00
7.720000000000000000e+05 1.185719999999300445e+00
7.730000000000000000e+05 1.185729999999300510e+00
7.740000000000000000e+05 1.185729999999300510e+00
7.750000000000000000e+05 1.185729999999300510e+00
7.760000000000000000e+05 1.185729999999300510e+00
7.770000000000000000e+05 1.185729999999300510e+00
7.780000000000000000e+05 1.185729999999300510e+00
7.790000000000000000e+05 1.185729999999300510e+00
7.800000000000000000e+05 1.185729999999300510e+00
7.810000000000000000e+05 1.185729999999300510e+00
7.820000000000000000e+05 1.185729999999300510e+00
7.830000000000000000e+05 1.185729999999300510e+00
7.840000000000000000e+05 1.185739999999300576e+00
7.850000000000000000e+05 1.185739999999300576e+00
7.860000000000000000e+05 1.185739999999300576e+00
7.870000000000000000e+05 1.185739999999300576e+00
7.880000000000000000e+05 1.185739999999300576e+00
7.890000000000000000e+05 1.185739999999300576e+00
7.900000000000000000e+05 1.185739999999300576e+00
7.910000000000000000e+05 1.185739999999300576e+00
7.920000000000000000e+05 1.185739999999300576e+00
7.930000000000000000e+05 1.185739999999300576e+00
7.940000000000000000e+05 1.185739999999300576e+00
7.950000000000000000e+05 1.185739999999300576e+00
7.960000000000000000e+05 1.185749999999300641e+00
7.970000000000000000e+05 1.185749999999300641e+00
7.980000000000000000e+05 1.185749999999300641e+00
7.990000000000000000e+05 1.185749999999300641e+00
8.000000000000000000e+05 1.185749999999300641e+00
8.010000000000000000e+05 1.185749999999300641e+00
8.020000000000000000e+05 1.185749999999300641e+00
8.030000000000000000e+05 1.185749999999300641e+00
8.040000000000000000e+05 1.185749999999300641e+00
8.050000000000000000e+05 1.185749999999300641e+00
8.060000000000000000e+05 1.185749999999300641e+00
8.070000000000000000e+05 1.185749999999300641e+00
8.080000000000000000e+05 1.185759999999300707e+00
8.090000000000000000e+05 1.185759999999300707e+00
8.100000000000000000e+05 1.185759999999300707e+00
8.110000000000000000e+05 1.185759999999300707e+00
8.120000000000000000e+05 1.185759999999300707e+00
8.130000000000000000e+05 1.185759999999300707e+00
8.140000000000000000e+05 1.185759999999300707e+00
8.150000000000000000e+05 1.185759999999300707e+00
8.160000000000000000e+05 1.185759999999300707e+00
8.170000000000000000e+05 1.185759999999300707e+00
8.180000000000000000e+05 1.185759999999300707e+00
8.190000000000000000e+05 1.185759999999300707e+00
8.200000000000000000e+05 1.185769999999300772e+00
8.210000000000000000e+05 1.185769999999300772e+00
8.220000000000000000e+05 1.185769999999300772e+00
8.230000000000000000e+05 1.185769999999300772e+00
8.240000000000000000e+05 1.185769999999300772e+00
8.250000000000000000e+05 1.185769999999300772e+00
8.260000000000000000e+05 1.185769999999300772e+00
8.270000000000000000e+05 1.185769999999300772e+00
8.280000000000000000e+05 1.185769999999300772e+00
8.290000000000000000e+05 1.185769999999300772e+00
8.300000000000000000e+05 1.185769999999300772e+00
8.310000000000000000e+05 1.185769999999300772e+00
8.320000000000000000e+05 1.185779999999300838e+00
8.330000000000000000e+05 1.185779999999300838e+00
8.340000000000000000e+05 1.185779999999300838e+00
8.350000000000000000e+05 1.185779999999300838e+00
8.360000000000000000e+05 1.185779999999300838e+00
8.370000000000000000e+05 1.185779999999300838e+00
8.380000000000000000e+05 1.185779999999300838e+00
8.390000000000000000e+05 1.185779999999300838e+00
8.400000000000000000e+05 1.185779999999300838e+00
8.410000000000000000e+05 1.185779999999300838e+00
8.420000000000000000e+05 1.185779999999300838e+00
8.430000000000000000e+05 1.185779999999300838e+00
8.440000000000000000e+05 1.185779999999300838e+00
8.450000000000000000e+05 1.185789999999300903e+00
8.460000000000000000e+05 1.185789999999300903e+00
8.470000000000000000e+05 1.185789999999300903e+00
8.480000000000000000e+05 1.185789999999300903e+00
8.490000000000000000e+05 1.185789999999300903e+00
8.500000000000000000e+05 1.185789999999300903e+00
8.510000000000000000e+05 1.185789999999300903e+00
8.520000000000000000e+05 1.185789999999300903e+00
8.530000000000000000e+05 1.185789999999300903e+00
8.540000000000000000e+05 1.185789999999300903e+00
8.550000000000000000e+05 1.185789999999300903e+00
8.560000000000000000e+05 1.185789999999300903e+00
8.570000000000000000e+05 1.185789999999300903e+00
8.580000000000000000e+05 1.185799999999300969e+00
8.590000000000000000e+05 1.185799999999300969e+00
8.600000000000000000e+05 1.185799999999300969e+00
8.610000000000000000e+05 1.185799999999300969e+00
8.620000000000000000e+05 1.185799999999300969e+00
8.630000000000000000e+05 1.185799999999300969e+00
8.640000000000000000e+05 1.185799999999300969e+00
8.650000000000000000e+05 1.185799999999300969e+00
8.660000000000000000e+05 1.185799999999300969e+00
8.670000000000000000e+05 1.185799999999300969e+00
8.680000000000000000e+05 1.185799999999300969e+00
8.690000000000000000e+05 1.185799999999300969e+00
8.700000000000000000e+05 1.185799999999300969e+00
8.710000000000000000e+05 1.185809999999301034e+00
8.720000000000000000e+05 1.185809999999301034e+00
8.730000000000000000e+05 1.185809999999301034e+00
8.740000000000000000e+05 1.185809999999301034e+00
8.750000000000000000e+05 1.185809999999301034e+00
8.760000000000000000e+05 1.185809999999301034e+00
8.770000000000000000e+05 1.185809999999301034e+00
8.780000000000000000e+05 1.185809999999301034e+00
8.790000000000000000e+05 1.185809999999301034e+00
8.800000000000000000e+05 1.185809999999301034e+00
8.810000000000000000e+05 1.185809999999301034e+00
8.820000000000000000e+05 1.185809999999301034e+00
8.830000000000000000e+05 1.185809999999301034e+00
8.840000000000000000e+05 1.185809999999301034e+00
8.850000000000000000e+05 1.185819999999301100e+00
8.860000000000000000e+05 1.185819999999301100e+00
8.870000000000000000e+05 1.185819999999301100e+00
8.880000000000000000e+05 1.185819999999301100e+00
8.890000000000000000e+05 1.185819999999301100e+00
8.900000000000000000e+05 1.185819999999301100e+00
8.910000000000000000e+05 1.185819999999301100e+00
8.920000000000000000e+05 1.185819999999301100e+00
8.930000000000000000e+05 1.185819999999301100e+00
8.940000000000000000e+05 1.185819999999301100e+00
8.950000000000000000e+05 1.185819999999301100e+00
8.960000000000000000e+05 1.185819999999301100e+00
8.970000000000000000e+05 1.185819999999301100e+00
8.980000000000000000e+05 1.185819999999301100e+00
8.990000000000000000e+05 1.185829999999301165e+00
9.000000000000000000e+05 1.185829999999301165e+00
9.010000000000000000e+05 1.185829999999301165e+00
9.020000000000000000e+05 1.185829999999301165e+00
9.030000000000000000e+05 1.185829999999301165e+00
9.040000000000000000e+05 1.185829999999301165e+00
9.050000000000000000e+05 1.185829999999301165e+00
9.060000000000000000e+05 1.185829999999301165e+00
9.070000000000000000e+05 1.185829999999301165e+00
9.080000000000000000e+05 1.185829999999301165e+00
9.090000000000000000e+05 1.185829999999301165e+00
9.100000000000000000e+05 1.185829999999301165e+00
9.110000000000000000e+05 1.185829999999301165e+00
9.120000000000000000e+05 1.185829999999301165e+00
9.130000000000000000e+05 1.185839999999301231e+00
9.140000000000000000e+05 1.185839999999301231e+00
9.150000000000000000e+05 1.185839999999301231e+00
9.160000000000000000e+05 1.185839999999301231e+00
9.170000000000000000e+05 1.185839999999301231e+00
9.180000000000000000e+05 1.185839999999301231e+00
9.190000000000000000e+05 1.185839999999301231e+00
9.200000000000000000e+05 1.185839999999301231e+00
9.210000000000000000e+05 1.185839999999301231e+00
9.220000000000000000e+05 1.185839999999301231e+00
9.230000000000000000e+05 1.185839999999301231e+00
9.240000000000000000e+05 1.185839999999301231e+00
9.250000000000000000e+05 1.185839999999301231e+00
9.260000000000000000e+05 1.185839999999301231e+00
9.270000000000000000e+05 1.185839999999301231e+00
9.280000000000000000e+05 1.185849999999301296e+00
9.290000000000000000e+05 1.185849999999301296e+00
9.300000000000000000e+05 1.185849999999301296e+00
9.310000000000000000e+05 1.185849999999301296e+00
9.320000000000000000e+05 1.185849999999301296e+00
9.330000000000000000e+05 1.185849999999301296e+00
9.340000000000000000e+05 1.185849999999301296e+00
9.350000000000000000e+05 1.185849999999301296e+00
9.360000000000000000e+05 1.185849999999301296e+00
9.370000000000000000e+05 1.185849999999301296e+00
9.380000000000000000e+05 1.185849999999301296e+00
9.390000000000000000e+05 1.185849999999301296e+00
9.400000000000000000e+05 1.185849999999301296e+00
9.410000000000000000e+05 1.185849999999301296e+00
9.420000000000000000e+05 1.185849999999301296e+00
9.430000000000000000e+05 1.185859999999301362e+00
9.440000000000000000e+05 1.185859999999301362e+00
9.450000000000000000e+05 1.185859999999301362e+00
9.460000000000000000e+05 1.185859999999301362e+00
9.470000000000000000e+05 1.185859999999301362e+00
9.480000000000000000e+05 1.185859999999301362e+00
9.490000000000000000e+05 1.185859999999301362e+00
9.500000000000000000e+05 1.185859999999301362e+00
9.510000000000000000e+05 1.185859999999301362e+00
9.520000000000000000e+05 1.185859999999301362e+00
9.530000000000000000e+05 1.185859999999301362e+00
9.540000000000000000e+05 1.185859999999301362e+00
9.550000000000000000e+05 1.185859999999301362e+00
9.560000000000000000e+05 1.185859999999301362e+00
9.570000000000000000e+05 1.185859999999301362e+00
9.580000000000000000e+05 1.185869999999301427e+00
9.590000000000000000e+05 1.185869999999301427e+00
9.600000000000000000e+05 1.185869999999301427e+00
9.610000000000000000e+05 1.185869999999301427e+00
9.620000000000000000e+05 1.185869999999301427e+00
9.630000000000000000e+05 1.185869999999301427e+00
9.640000000000000000e+05 1.185869999999301427e+00
9.650000000000000000e+05 1.185869999999301427e+00
9.660000000000000000e+05 1.185869999999301427e+00
9.670000000000000000e+05 1.185869999999301427e+00
9.680000000000000000e+05 1.185869999999301427e+00
9.690000000000000000e+05 1.185869999999301427e+00
9.700000000000000000e+05 1.185869999999301427e+00
9.710000000000000000e+05 1.185869999999301427e+00
9.720000000000000000e+05 1.185869999999301427e+00
9.730000000000000000e+05 1.185869999999301427e+00
9.740000000000000000e+05 1.185879999999301493e+00
9.750000000000000000e+05 1.185879999999301493e+00
9.760000000000000000e+05 1.185879999999301493e+00
9.770000000000000000e+05 1.185879999999301493e+00
9.780000000000000000e+05 1.185879999999301493e+00
9.790000000000000000e+05 1.185879999999301493e+00
9.800000000000000000e+05 1.185879999999301493e+00
9.810000000000000000e+05 1.185879999999301493e+00
9.820000000000000000e+05 1.185879999999301493e+00
9.830000000000000000e+05 1.185879999999301493e+00
9.840000000000000000e+05 1.185879999999301493e+00
9.850000000000000000e+05 1.185879999999301493e+00
9.860000000000000000e+05 1.185879999999301493e+00
9.870000000000000000e+05 1.185879999999301493e+00
9.880000000000000000e+05 1.185879999999301493e+00
9.890000000000000000e+05 1.185879999999301493e+00
9.900000000000000000e+05 1.185889999999301558e+00
9.910000000000000000e+05 1.185889999999301558e+00
9.920000000000000000e+05 1.185889999999301558e+00
9.930000000000000000e+05 1.185889999999301558e+00
9.940000000000000000e+05 1.185889999999301558e+00
9.950000000000000000e+05 1.185889999999301558e+00
9.960000000000000000e+05 1.185889999999301558e+00
9.970000000000000000e+05 1.185889999999301558e+00
9.980000000000000000e+05 1.185889999999301558e+00
9.990000000000000000e+05 1.185889999999301558e+00
1.000000000000000000e+06 1.185889999999301558e+00
