1.777656936645507970e-03 8.795859999836176613e+00
2.029042766070125303e-03 7.215989999895986884e+00
2.280428595494742635e-03 6.058859999939793184e+00
2.531814424919359967e-03 5.181439999973010302e+00
2.783200254343977300e-03 4.497429999998905359e+00
3.034586083768594632e-03 3.951980000017422778e+00
3.285971913193211965e-03 3.508740000014519023e+00
3.537357742617829297e-03 3.142760000012121413e+00
3.788743572042446630e-03 2.836410000010114452e+00
4.040129401467064396e-03 2.576920000008414480e+00
4.291515230891681729e-03 2.354840000006959588e+00
4.542901060316299061e-03 2.163010000005702871e+00
4.794286889740916394e-03 1.995980000004608623e+00
5.045672719165533726e-03 1.849460000003648741e+00
5.297058548590151059e-03 1.720100000002801277e+00
5.548444378014768391e-03 1.605210000002048609e+00
5.799830207439385724e-03 1.502610000001376456e+00
6.051216036864003056e-03 1.410550000000773352e+00
6.302601866288620389e-03 1.327560000000229667e+00
6.553987695713237721e-03 1.252439999999737541e+00
6.805373525137855054e-03 1.184189999999290421e+00
7.056759354562472386e-03 1.121949999998882674e+00
7.308145183987089719e-03 1.065009999998509649e+00
7.559531013411707051e-03 1.012749999998167283e+00
7.810916842836324384e-03 9.646599999982445883e-01
8.062302672260941716e-03 9.202799999984465629e-01
8.313688501685559049e-03 8.792199999986334280e-01
8.565074331110176381e-03 8.411499999988066856e-01
8.816460160534793714e-03 8.057699999989677009e-01
9.067845989959411046e-03 7.728199999991176572e-01
9.319231819384028379e-03 7.420699999992576013e-01
9.570617648808645711e-03 7.133299999993883977e-01
9.822003478233263044e-03 6.863999999995109569e-01
1.007338930765788038e-02 6.611499999996258703e-01
1.032477513708249771e-02 6.374099999997339117e-01
1.057616096650711504e-02 6.150799999998355361e-01
1.082754679593173237e-02 5.940299999999313352e-01
1.107893262535634971e-02 5.741700000000217186e-01
1.133031845478096704e-02 5.554000000001071413e-01
1.158170428420558437e-02 5.376400000001879675e-01
1.183309011363020170e-02 5.208100000002645613e-01
1.208447594305481904e-02 5.048600000003371502e-01
1.233586177247943637e-02 4.897100000003489773e-01
1.258724760190405370e-02 4.753100000003345760e-01
1.283863343132867103e-02 4.616100000003208748e-01
1.309001926075328837e-02 4.485600000003078236e-01
1.334140509017790570e-02 4.361300000002953925e-01
1.359279091960252303e-02 4.242600000002835214e-01
1.384417674902714036e-02 4.129300000002721904e-01
1.409556257845175770e-02 4.021000000002613595e-01
1.434694840787637503e-02 3.917400000002509985e-01
1.459833423730099236e-02 3.818200000002410777e-01
1.484972006672560969e-02 3.723200000002315768e-01
1.510110589615022703e-02 3.632200000002224760e-01
1.535249172557484436e-02 3.544800000002137352e-01
1.560387755499946169e-02 3.460900000002053445e-01
1.585526338442407729e-02 3.380300000001972838e-01
1.610664921384869636e-02 3.302900000001895431e-01
1.635803504327331195e-02 3.228400000001820924e-01
1.660942087269793102e-02 3.156700000001749218e-01
1.686080670212254662e-02 3.087600000001680112e-01
1.711219253154716569e-02 3.021100000001613606e-01
1.736357836097178128e-02 2.956900000001549400e-01
1.761496419039639688e-02 2.895100000001487595e-01
1.786635001982101595e-02 2.835300000001427789e-01
1.811773584924563502e-02 2.777700000001370184e-01
1.836912167867025061e-02 2.722000000001314479e-01
1.862050750809486621e-02 2.668200000001260674e-01
1.887189333751948528e-02 2.616100000001208570e-01
1.912327916694410435e-02 2.565700000001158165e-01
1.937466499636871994e-02 2.517000000001109461e-01
1.962605082579333554e-02 2.469800000001062257e-01
1.987743665521795461e-02 2.424100000001016553e-01
2.012882248464257368e-02 2.379800000000972249e-01
2.038020831406718927e-02 2.336900000000929345e-01
2.063159414349180487e-02 2.295300000000887741e-01
2.088297997291642394e-02 2.254900000000847338e-01
2.113436580234104301e-02 2.215700000000808134e-01
2.138575163176565860e-02 2.177600000000770031e-01
2.163713746119027420e-02 2.140700000000733128e-01
2.188852329061489327e-02 2.104800000000697224e-01
2.213990912003951234e-02 2.069900000000662321e-01
2.239129494946412793e-02 2.036000000000628418e-01
2.264268077888874353e-02 2.003000000000595415e-01
2.289406660831336260e-02 1.970900000000563312e-01
2.314545243773798167e-02 1.939700000000532110e-01
2.339683826716259726e-02 1.909300000000501707e-01
2.364822409658721286e-02 1.879700000000472104e-01
2.389960992601183193e-02 1.850900000000443302e-01
2.415099575543645100e-02 1.822800000000415199e-01
2.440238158486106659e-02 1.795400000000387797e-01
2.465376741428568219e-02 1.768800000000361194e-01
2.490515324371030126e-02 1.742800000000335192e-01
2.515653907313492033e-02 1.717400000000309790e-01
2.540792490255953592e-02 1.692700000000285088e-01
2.565931073198415152e-02 1.668600000000260986e-01
2.591069656140877059e-02 1.645000000000237383e-01
2.616208239083338966e-02 1.622000000000214381e-01
2.641346822025800525e-02 1.599600000000191979e-01
2.666485404968262085e-02 1.577700000000170077e-01
