2.732729588506273e+17
2.247750808487412e+17
1.8915118500735578e+17
1.6216872924630643e+17
1.4109419680548683e+17
1.2425220644483184e+17
1.105846226443003e+17
9.929784376386136e+16
8.977462408349099e+16
8.175042972317893e+16
7.487254884291144e+16
6.896462552268169e+16
6.376212588247936e+16
5.917687196230104e+16
5.512068580214329e+16
5.159356740200612e+16
4.833098288187924e+16
4.55092881617695e+16
4.286394936166662e+16
4.0571322401577464e+16
3.836687340149173e+16
3.642695828141629e+16
3.46633990813477e+16
3.2988017841282544e+16
3.148899252122425e+16
3.007814516116938e+16
2.884365372112137e+16
2.760916228107336e+16
2.646284880102878e+16
2.5492891240991056e+16
2.4522933680953336e+16
2.3552976120915612e+16
2.275937448088475e+16
2.1877594880850456e+16
2.1172171200823024e+16
2.0466747520795588e+16
1.9761323840768156e+16
1.914407812074415e+16
1.8526832400720144e+16
1.799776464069957e+16
1.7468696880678994e+16
1.693962912065842e+16
1.6498739320641272e+16
1.5969671560620698e+16
1.552878176060355e+16
1.5176069920589834e+16
1.4735180120572688e+16
1.438246828055897e+16
1.4029756440545254e+16
1.3677044600531536e+16
1.332433276051782e+16
1.2971620920504102e+16
1.2707087040493814e+16
1.2354375200480098e+16
1.208984132046981e+16
1.1825307440459522e+16
1.1560773560449234e+16
1.1296239680438946e+16
1.1119883760432088e+16
1.08553498804218e+16
1.0678993960414942e+16
1.0414460080404654e+16
1.0238104160397794e+16
9973570280387508.0
9797214360380648.0
9620858440373790.0
9444502520366932.0
9268146600360072.0
9091790680353214.0
8915434760346356.0
8739078840339497.0
8650900880336068.0
8474544960329210.0
8298189040322351.0
8210011080318922.0
8033655160312063.0
7945477200308634.0
7769121280301775.0
7680943320298346.0
7504587400291488.0
7416409440288058.0
7328231480284629.0
7240053520281200.0
7063697600274341.0
6975519640270912.0
6887341680267483.0
6799163720264053.0
6710985760260624.0
6622807800257195.0
6534629840253766.0
6446451880250336.0
6358273920246907.0
6270095960243478.0
6181918000240049.0
6093740040236619.0
6005562080233190.0
5917384120229761.0
5829206160226332.0
5741028200222902.0
5652850240219473.0
